SiB2_DBHM_derive_trans/DBHModel/MODEL/GEO_INPUT_DATA/basin3.asc
ncols         221     
nrows         126
xllcorner     -457500
yllcorner     -1500500
cellsize      10000
NODATA_value  -9999
[rows 76 to 113 of 126, columns 0 to 84 of 221]
-9999 -9999 -9999 -9999 -9999 -9999 -9999 -9999 -9999 -9999 -9999 -9999 -9999 -9999 -9999 -9999 -9999 -9999 -9999 -9999 -9999 -9999 -9999 -9999 -9999 -9999 -9999 -9999 -9999 -9999 -9999 -9999 -9999 -9999 -9999 -9999 -9999 972 972 972 972 972 972 972 -9999 -9999 -9999 -9999 971 971 971 971 971 971 971 971 971 971 971 971 971 971 971 971 971 971 957 955 954 953 953 952 951 951 910 930 921 921 921 921 797 797 796 796 796
-9999 -9999 -9999 -9999 -9999 -9999 -9999 -9999 -9999 -9999 -9999 -9999 -9999 -9999 -9999 -9999 -9999 -9999 -9999 -9999 -9999 -9999 -9999 -9999 -9999 -9999 -9999 -9999 -9999 -9999 -9999 -9999 -9999 -9999 -9999 -9999 -9999 972 972 972 972 972 972 972 971 971 -9999 -9999 971 971 971 971 971 971 971 971 971 971 971 971 971 971 971 961 961 971 959 957 955 953 953 953 951 951 951 951 951 921 921 921 921 796 796 796 796
-9999 -9999 -9999 -9999 -9999 -9999 -9999 -9999 -9999 -9999 -9999 -9999 -9999 -9999 -9999 -9999 -9999 -9999 -9999 -9999 -9999 -9999 -9999 -9999 -9999 -9999 -9999 -9999 -9999 -9999 -9999 -9999 -9999 -9999 -9999 -9999 -9999 972 972 972 972 972 972 972 971 971 971 971 971 971 971 971 971 971 971 971 971 971 971 971 971 971 962 961 961 971 958 956 955 953 953 953 951 941 951 951 951 921 921 921 921 921 796 796 796
-9999 -9999 -9999 -9999 -9999 -9999 -9999 -9999 -9999 -9999 -9999 -9999 -9999 -9999 -9999 -9999 -9999 -9999 -9999 -9999 -9999 -9999 -9999 -9999 -9999 -9999 -9999 -9999 -9999 -9999 -9999 -9999 -9999 -9999 -9999 -9999 -9999 -9999 974 974 972 972 972 972 972 971 971 971 971 971 971 971 971 971 971 971 971 971 971 971 971 962 962 962 963 963 958 956 956 956 941 941 941 941 941 951 951 921 921 921 921 921 921 796 796
-9999 -9999 -9999 -9999 -9999 -9999 -9999 -9999 -9999 -9999 -9999 -9999 -9999 -9999 -9999 -9999 -9999 -9999 -9999 -9999 -9999 -9999 -9999 -9999 -9999 -9999 -9999 -9999 -9999 -9999 -9999 -9999 -9999 -9999 -9999 -9999 -9999 974 974 974 972 972 972 972 972 972 971 971 971 971 971 971 971 971 971 971 971 971 971 971 962 962 962 963 963 963 963 956 956 956 941 941 941 941 943 942 942 922 921 921 921 921 923 923 794
-9999 -9999 -9999 -9999 -9999 -9999 -9999 -9999 -9999 -9999 -9999 -9999 -9999 -9999 -9999 -9999 -9999 999 999 -9999 -9999 -9999 -9999 -9999 -9999 -9999 -9999 -9999 -9999 -9999 -9999 -9999 -9999 -9999 -9999 -9999 -9999 974 974 974 974 972 972 972 972 972 972 973 973 971 971 971 971 971 971 971 971 971 971 971 964 964 963 963 963 963 963 945 945 945 945 943 943 943 943 942 942 922 922 922 923 923 923 923 299
-9999 -9999 -9999 -9999 -9999 -9999 -9999 -9999 -9999 -9999 999 999 999 999 -9999 999 999 999 999 999 999 999 -9999 -9999 997 997 -9999 -9999 -9999 -9999 -9999 -9999 -9999 -9999 -9999 -9999 -9999 -9999 -9999 974 974 974 974 972 974 974 973 973 973 973 976 976 976 976 971 971 971 971 971 971 964 964 964 965 965 963 945 945 945 945 945 945 943 943 943 943 942 922 922 923 923 923 923 923 299
-9999 -9999 -9999 -9999 -9999 -9999 -9999 -9999 -9999 -9999 999 999 999 999 999 999 999 999 999 999 999 999 999 999 997 997 997 997 997 -9999 -9999 -9999 -9999 -9999 -9999 -9999 -9999 -9999 -9999 974 974 974 974 974 974 974 974 975 973 973 976 976 976 976 976 976 976 976 976 976 964 964 965 965 965 948 945 945 947 945 945 945 944 943 943 943 942 922 922 923 923 923 299 299 299
-9999 -9999 -9999 -9999 -9999 -9999 -9999 -9999 -9999 999 999 999 999 999 999 999 999 999 999 999 999 999 999 999 997 997 997 997 997 997 -9999 -9999 -9999 -9999 -9999 -9999 -9999 974 974 974 974 974 974 974 974 974 977 977 976 976 976 976 976 976 976 976 976 976 976 976 965 965 965 965 965 948 948 947 947 946 944 944 944 943 943 942 942 922 923 923 923 923 299 299 299
-9999 -9999 -9999 -9999 -9999 -9999 -9999 -9999 999 999 999 999 999 999 999 999 999 999 999 999 999 999 999 997 997 997 997 997 997 997 997 997 997 997 -9999 -9999 974 974 974 974 974 974 974 974 974 974 977 977 977 977 976 976 976 976 976 976 976 969 967 967 967 965 965 965 965 948 949 949 947 946 944 944 944 944 944 942 942 923 923 923 923 923 299 299 299
-9999 -9999 -9999 -9999 -9999 -9999 -9999 -9999 999 999 999 999 999 999 999 999 999 999 999 999 999 999 999 997 997 997 997 997 997 997 997 997 997 997 997 -9999 974 974 974 974 974 974 974 974 974 978 978 978 979 979 976 976 976 976 976 976 969 969 967 967 967 965 965 965 965 948 949 949 949 944 944 944 944 944 944 944 923 923 923 923 923 923 299 299 299
-9999 -9999 -9999 -9999 -9999 -9999 -9999 -9999 999 999 999 999 999 999 999 999 999 999 999 999 999 999 999 997 997 997 997 997 997 997 997 997 997 997 997 995 974 974 974 974 974 974 974 974 978 978 978 979 979 979 979 976 976 976 969 969 969 969 969 969 967 965 965 965 926 926 949 949 949 944 944 944 944 944 925 925 925 923 923 923 923 923 923 298 298
-9999 -9999 -9999 -9999 -9999 -9999 -9999 -9999 -9999 999 999 999 999 999 999 999 999 999 999 999 999 999 999 997 997 997 997 997 997 997 997 997 997 997 995 995 995 974 974 974 974 978 978 978 978 978 978 979 979 979 979 979 979 979 979 968 968 968 968 969 967 966 966 966 926 926 926 925 925 925 925 925 925 925 925 925 925 925 923 923 923 923 923 298 298
-9999 -9999 -9999 -9999 -9999 -9999 -9999 -9999 -9999 999 999 999 999 999 999 999 999 999 999 999 999 999 998 997 997 997 997 997 997 997 997 997 997 995 995 995 995 974 974 974 974 978 978 978 978 978 979 979 979 979 979 979 979 979 979 979 968 968 968 969 969 966 966 926 926 927 925 925 925 925 925 925 925 925 925 925 925 925 925 923 923 923 923 923 296
-9999 -9999 -9999 -9999 -9999 -9999 -9999 -9999 -9999 999 999 999 999 999 999 999 999 999 999 999 999 999 998 998 998 997 997 997 997 997 997 997 997 995 995 995 995 995 974 974 974 978 978 978 978 978 979 979 979 979 979 979 979 979 979 979 968 968 968 969 969 969 966 966 926 926 927 925 925 925 925 925 925 925 925 925 925 925 925 925 923 923 923 923 296
-9999 -9999 -9999 -9999 -9999 -9999 -9999 -9999 -9999 -9999 999 999 999 999 999 999 999 999 998 998 998 998 998 998 998 997 997 997 997 997 997 997 997 995 995 995 995 995 995 995 995 978 978 978 978 978 979 979 979 979 979 979 979 979 979 979 979 979 969 969 969 969 929 929 929 929 927 925 925 925 925 925 925 925 925 925 925 925 925 925 925 925 925 923 923
-9999 -9999 -9999 -9999 -9999 -9999 -9999 -9999 -9999 -9999 -9999 -9999 999 999 999 999 999 998 998 998 998 998 998 998 998 997 997 997 997 997 997 997 997 995 995 995 995 995 995 995 995 978 978 978 978 978 978 979 979 979 979 979 979 979 979 979 979 979 969 929 929 929 929 929 929 929 927 927 925 925 925 925 925 925 925 925 925 925 925 925 925 925 924 924 923
-9999 -9999 -9999 -9999 -9999 -9999 -9999 -9999 -9999 -9999 -9999 -9999 -9999 999 999 998 998 998 998 998 998 998 998 998 998 998 997 997 997 997 996 996 997 995 995 995 995 995 995 995 995 978 978 978 978 978 979 979 979 993 993 993 979 979 979 979 979 979 979 929 929 929 929 929 929 928 927 927 925 925 925 925 925 925 925 925 925 925 925 925 925 925 924 924 924
-9999 -9999 -9999 -9999 -9999 -9999 -9999 -9999 -9999 -9999 -9999 -9999 -9999 -9999 998 998 998 998 998 998 998 998 998 998 998 998 997 997 997 997 996 996 997 995 995 995 995 995 995 995 995 978 978 978 993 993 979 979 979 993 993 993 979 979 979 979 979 979 979 979 979 929 929 929 929 928 928 928 925 925 925 925 925 925 925 925 925 925 925 924 924 924 924 924 924
-9999 -9999 -9999 -9999 -9999 -9999 -9999 -9999 -9999 -9999 -9999 -9999 -9999 -9999 -9999 -9999 -9999 998 998 998 998 998 998 996 996 996 996 996 996 996 996 997 995 995 995 995 995 995 995 995 995 995 995 995 993 993 993 979 993 993 993 993 979 979 979 979 979 979 979 979 979 979 929 929 929 929 928 928 928 928 928 -9999 -9999 -9999 -9999 -9999 -9999 925 924 924 -9999 -9999 924 924 -9999
-9999 -9999 -9999 -9999 -9999 -9999 -9999 -9999 -9999 -9999 -9999 -9999 -9999 -9999 -9999 -9999 -9999 998 998 998 998 998 998 996 996 996 996 996 996 996 996 996 995 995 995 995 995 995 995 995 995 995 995 995 995 993 993 993 993 993 993 993 993 993 979 979 979 979 979 979 979 979 979 979 929 929 991 991 991 982 -9999 -9999 -9999 -9999 -9999 -9999 -9999 -9999 -9999 -9999 -9999 -9999 -9999 -9999 -9999
-9999 -9999 -9999 -9999 -9999 -9999 -9999 -9999 -9999 -9999 -9999 -9999 -9999 -9999 -9999 -9999 -9999 -9999 -9999 998 998 998 998 -9999 996 996 996 996 996 996 996 996 995 995 995 995 995 995 995 995 995 995 995 995 995 993 993 993 993 993 993 993 993 993 993 979 979 979 979 979 979 979 979 979 979 991 991 991 991 983 982 982 982 982 982 -9999 -9999 -9999 -9999 -9999 -9999 -9999 -9999 -9999 -9999
-9999 -9999 -9999 -9999 -9999 -9999 -9999 -9999 -9999 -9999 -9999 -9999 -9999 -9999 -9999 -9999 -9999 -9999 -9999 -9999 998 -9999 -9999 -9999 996 996 996 996 996 996 996 996 995 995 995 995 995 995 995 995 995 995 995 995 995 995 993 993 993 993 993 993 993 993 993 993 993 993 993 993 979 979 979 979 979 991 981 981 981 983 982 982 982 982 982 -9999 -9999 -9999 -9999 -9999 -9999 -9999 -9999 -9999 -9999
-9999 -9999 -9999 -9999 -9999 -9999 -9999 -9999 -9999 -9999 -9999 -9999 -9999 -9999 -9999 -9999 -9999 -9999 -9999 -9999 -9999 -9999 -9999 -9999 996 996 996 -9999 -9999 996 996 996 995 995 995 995 995 995 995 995 995 995 995 995 995 995 993 993 993 993 993 993 993 993 993 993 993 993 993 993 993 993 993 979 979 991 991 991 981 983 983 983 983 983 982 982 -9999 -9999 -9999 -9999 -9999 -9999 -9999 -9999 -9999
-9999 -9999 -9999 -9999 -9999 -9999 -9999 -9999 -9999 -9999 -9999 -9999 -9999 -9999 -9999 -9999 -9999 -9999 -9999 -9999 -9999 -9999 -9999 -9999 -9999 -9999 -9999 -9999 -9999 -9999 -9999 996 996 995 995 995 995 995 995 995 995 995 995 995 995 995 995 993 993 993 993 993 993 993 993 993 993 993 993 993 993 993 993 993 991 991 991 991 991 983 983 983 983 984 984 -9999 -9999 -9999 -9999 -9999 -9999 -9999 -9999 -9999 -9999
-9999 -9999 -9999 -9999 -9999 -9999 -9999 -9999 -9999 -9999 -9999 -9999 -9999 -9999 -9999 -9999 -9999 -9999 -9999 -9999 -9999 -9999 -9999 -9999 -9999 -9999 -9999 -9999 -9999 -9999 -9999 -9999 996 995 995 995 995 995 995 995 995 995 995 995 995 995 995 993 993 993 993 993 993 993 993 993 993 993 993 993 993 993 993 993 993 991 991 991 991 991 983 983 985 984 984 984 -9999 -9999 -9999 -9999 -9999 -9999 -9999 -9999 -9999
-9999 -9999 -9999 -9999 -9999 -9999 -9999 -9999 -9999 -9999 -9999 -9999 -9999 -9999 -9999 -9999 -9999 -9999 -9999 -9999 -9999 -9999 -9999 -9999 -9999 -9999 -9999 -9999 -9999 -9999 -9999 -9999 -9999 996 995 995 995 995 995 995 995 995 995 995 995 994 995 993 993 993 993 993 993 993 993 993 993 993 993 993 993 993 993 993 993 991 991 991 991 991 983 983 985 985 985 984 -9999 -9999 -9999 -9999 -9999 -9999 -9999 -9999 -9999
-9999 -9999 -9999 -9999 -9999 -9999 -9999 -9999 -9999 -9999 -9999 -9999 -9999 -9999 -9999 -9999 -9999 -9999 -9999 -9999 -9999 -9999 -9999 -9999 -9999 -9999 -9999 -9999 -9999 -9999 -9999 -9999 -9999 995 995 995 995 995 995 995 995 995 995 995 994 994 995 993 993 993 993 993 993 993 993 993 993 993 993 993 993 993 993 993 993 993 993 993 993 993 985 985 985 985 986 986 984 -9999 -9999 -9999 -9999 -9999 -9999 -9999 -9999
-9999 -9999 -9999 -9999 -9999 -9999 -9999 -9999 -9999 -9999 -9999 -9999 -9999 -9999 -9999 -9999 -9999 -9999 -9999 -9999 -9999 -9999 -9999 -9999 -9999 -9999 -9999 -9999 -9999 -9999 -9999 -9999 -9999 -9999 995 995 995 995 995 994 994 994 994 994 994 994 993 993 993 993 -9999 -9999 993 993 993 993 993 993 993 993 993 993 993 993 993 993 993 993 992 992 985 985 985 987 986 986 986 -9999 -9999 -9999 -9999 -9999 -9999 -9999 -9999
-9999 -9999 -9999 -9999 -9999 -9999 -9999 -9999 -9999 -9999 -9999 -9999 -9999 -9999 -9999 -9999 -9999 -9999 -9999 -9999 -9999 -9999 -9999 -9999 -9999 -9999 -9999 -9999 -9999 -9999 -9999 -9999 -9999 -9999 995 995 995 995 994 994 994 994 994 994 994 994 994 994 994 994 -9999 -9999 -9999 993 993 993 993 993 993 993 993 993 993 993 993 993 993 993 992 992 992 985 985 987 987 987 987 -9999 -9999 -9999 -9999 -9999 -9999 -9999 -9999
-9999 -9999 -9999 -9999 -9999 -9999 -9999 -9999 -9999 -9999 -9999 -9999 -9999 -9999 -9999 -9999 -9999 -9999 -9999 -9999 -9999 -9999 -9999 -9999 -9999 -9999 -9999 -9999 -9999 -9999 -9999 -9999 -9999 -9999 -9999 -9999 -9999 994 994 994 994 994 994 994 994 994 994 994 -9999 -9999 -9999 -9999 -9999 -9999 993 993 993 993 993 993 993 993 993 993 993 993 993 993 992 992 992 992 987 989 989 989 987 989 -9999 -9999 -9999 -9999 -9999 -9999 -9999
-9999 -9999 -9999 -9999 -9999 -9999 -9999 -9999 -9999 -9999 -9999 -9999 -9999 -9999 -9999 -9999 -9999 -9999 -9999 -9999 -9999 -9999 -9999 -9999 -9999 -9999 -9999 -9999 -9999 -9999 -9999 -9999 -9999 -9999 -9999 -9999 -9999 -9999 994 994 994 994 994 994 994 994 -9999 -9999 -9999 -9999 -9999 -9999 -9999 -9999 -9999 -9999 -9999 -9999 993 -9999 993 993 993 993 993 993 993 993 992 992 992 992 988 988 989 989 989 989 -9999 -9999 -9999 -9999 -9999 -9999 -9999
-9999 -9999 -9999 -9999 -9999 -9999 -9999 -9999 -9999 -9999 -9999 -9999 -9999 -9999 -9999 -9999 -9999 -9999 -9999 -9999 -9999 -9999 -9999 -9999 -9999 -9999 -9999 -9999 -9999 -9999 -9999 -9999 -9999 -9999 -9999 -9999 -9999 -9999 -9999 -9999 994 994 994 994 -9999 -9999 -9999 -9999 -9999 -9999 -9999 -9999 -9999 -9999 -9999 -9999 -9999 -9999 -9999 -9999 -9999 993 993 993 993 993 993 993 992 992 992 992 988 988 989 989 989 989 -9999 -9999 -9999 -9999 -9999 -9999 -9999
-9999 -9999 -9999 -9999 -9999 -9999 -9999 -9999 -9999 -9999 -9999 -9999 -9999 -9999 -9999 -9999 -9999 -9999 -9999 -9999 -9999 -9999 -9999 -9999 -9999 -9999 -9999 -9999 -9999 -9999 -9999 -9999 -9999 -9999 -9999 -9999 -9999 -9999 -9999 -9999 -9999 -9999 -9999 -9999 -9999 -9999 -9999 -9999 -9999 -9999 -9999 -9999 -9999 -9999 -9999 -9999 -9999 -9999 -9999 -9999 -9999 -9999 993 993 993 993 993 993 992 992 992 992 988 988 989 989 989 989 -9999 -9999 -9999 -9999 -9999 -9999 -9999
-9999 -9999 -9999 -9999 -9999 -9999 -9999 -9999 -9999 -9999 -9999 -9999 -9999 -9999 -9999 -9999 -9999 -9999 -9999 -9999 -9999 -9999 -9999 -9999 -9999 -9999 -9999 -9999 -9999 -9999 -9999 -9999 -9999 -9999 -9999 -9999 -9999 -9999 -9999 -9999 -9999 -9999 -9999 -9999 -9999 -9999 -9999 -9999 -9999 -9999 -9999 -9999 -9999 -9999 -9999 -9999 -9999 -9999 -9999 -9999 -9999 -9999 -9999 -9999 993 993 993 992 992 992 992 992 992 989 989 989 989 -9999 -9999 -9999 -9999 -9999 -9999 -9999 -9999
-9999 -9999 -9999 -9999 -9999 -9999 -9999 -9999 -9999 -9999 -9999 -9999 -9999 -9999 -9999 -9999 -9999 -9999 -9999 -9999 -9999 -9999 -9999 -9999 -9999 -9999 -9999 -9999 -9999 -9999 -9999 -9999 -9999 -9999 -9999 -9999 -9999 -9999 -9999 -9999 -9999 -9999 -9999 -9999 -9999 -9999 -9999 -9999 -9999 -9999 -9999 -9999 -9999 -9999 -9999 -9999 -9999 -9999 -9999 -9999 -9999 -9999 -9999 -9999 -9999 993 992 992 992 992 992 992 992 992 -9999 -9999 -9999 -9999 -9999 -9999 -9999 -9999 -9999 -9999 -9999
-9999 -9999 -9999 -9999 -9999 -9999 -9999 -9999 -9999 -9999 -9999 -9999 -9999 -9999 -9999 -9999 -9999 -9999 -9999 -9999 -9999 -9999 -9999 -9999 -9999 -9999 -9999 -9999 -9999 -9999 -9999 -9999 -9999 -9999 -9999 -9999 -9999 -9999 -9999 -9999 -9999 -9999 -9999 -9999 -9999 -9999 -9999 -9999 -9999 -9999 -9999 -9999 -9999 -9999 -9999 -9999 -9999 -9999 -9999 -9999 -9999 -9999 -9999 -9999 -9999 -9999 992 992 992 992 992 992 992 992 -9999 -9999 -9999 -9999 -9999 -9999 -9999 -9999 -9999 -9999 -9999
-9999 -9999 -9999 -9999 -9999 -9999 -9999 -9999 -9999 -9999 -9999 -9999 -9999 -9999 -9999 -9999 -9999 -9999 -9999 -9999 -9999 -9999 -9999 -9999 -9999 -9999 -9999 -9999 -9999 -9999 -9999 -9999 -9999 -9999 -9999 -9999 -9999 -9999 -9999 -9999 -9999 -9999 -9999 -9999 -9999 -9999 -9999 -9999 -9999 -9999 -9999 -9999 -9999 -9999 -9999 -9999 -9999 -9999 -9999 -9999 -9999 -9999 -9999 -9999 -9999 -9999 992 992 992 992 992 992 992 -9999 -9999 -9999 -9999 -9999 -9999 -9999 -9999 -9999 -9999 -9999 -9999
