SiB2_DBHM_derive_trans/DBHModel/MODEL/GEO_INPUT_DATA/basin3.asc
ncols         221     
nrows         126
xllcorner     -457500
yllcorner     -1500500
cellsize      10000
NODATA_value  -9999
[rows 38 to 75 of 126, columns 85 to 169 of 221]
-9999 -9999 -9999 -9999 -9999 -9999 -9999 -9999 -9999 -9999 -9999 -9999 -9999 758 758 758 772 772 771 771 771 761 762 763 763 765 764 764 764 766 766 669 669 649 649 649 649 647 647 647 645 645 645 712 712 712 712 712 712 714 714 714 714 714 715 715 715 715 715 715 715 716 716 497 497 499 498 498 498 -9999 -9999 -9999 -9999 -9999 -9999 -9999 -9999 -9999 -9999 -9999 -9999 -9999 -9999 -9999 -9999
-9999 -9999 -9999 -9999 -9999 -9999 -9999 -9999 -9999 -9999 -9999 -9999 -9999 772 772 772 772 772 772 773 761 763 762 763 763 765 765 766 766 766 766 669 669 669 649 649 647 647 647 644 644 645 645 642 712 712 712 712 712 712 714 714 714 714 715 715 715 715 715 715 715 715 716 497 497 497 497 498 -9999 -9999 -9999 -9999 -9999 -9999 -9999 -9999 -9999 -9999 -9999 -9999 -9999 -9999 -9999 -9999 -9999
-9999 -9999 -9999 -9999 -9999 -9999 -9999 -9999 -9999 -9999 -9999 -9999 -9999 772 772 772 772 773 773 773 761 761 763 763 763 765 765 766 766 766 766 669 669 669 669 668 668 647 644 644 644 644 645 642 642 642 712 712 712 712 714 714 714 714 715 715 715 715 715 715 715 715 497 497 497 497 497 480 -9999 -9999 -9999 -9999 -9999 -9999 -9999 -9999 -9999 -9999 -9999 -9999 -9999 -9999 -9999 -9999 -9999
-9999 -9999 -9999 -9999 -9999 -9999 -9999 -9999 -9999 -9999 -9999 -9999 772 772 772 772 773 773 773 773 773 761 763 763 763 765 767 767 766 766 689 689 682 669 669 668 668 666 666 644 644 644 645 645 642 642 712 712 712 712 712 714 714 714 715 715 715 715 715 715 494 494 494 497 497 497 496 480 480 -9999 -9999 -9999 -9999 -9999 -9999 -9999 -9999 -9999 -9999 -9999 -9999 -9999 -9999 -9999 -9999
-9999 -9999 -9999 -9999 -9999 -9999 -9999 -9999 -9999 -9999 -9999 -9999 772 772 772 772 773 773 773 773 773 773 763 763 763 767 767 767 767 767 689 689 689 682 682 669 669 668 666 664 644 644 644 645 642 643 712 712 712 712 712 712 713 714 714 715 715 715 715 715 494 494 494 497 497 496 496 480 -9999 480 480 480 480 480 -9999 -9999 -9999 -9999 -9999 -9999 -9999 -9999 -9999 -9999 -9999
-9999 -9999 -9999 -9999 -9999 -9999 -9999 -9999 -9999 -9999 -9999 774 772 772 772 772 773 773 773 773 773 773 763 763 767 767 767 767 767 767 688 688 689 682 682 669 669 669 666 664 644 644 643 643 643 641 641 712 712 712 712 712 712 713 715 715 715 715 715 715 494 494 494 495 495 495 496 491 480 480 480 480 480 480 -9999 466 466 -9999 -9999 -9999 -9999 -9999 -9999 -9999 -9999
-9999 -9999 -9999 -9999 -9999 -9999 -9999 -9999 -9999 -9999 -9999 774 774 774 774 774 773 773 773 773 773 773 773 763 767 767 767 767 767 767 688 689 687 687 682 682 669 667 667 664 662 662 643 643 641 641 641 712 712 712 712 712 712 713 713 715 715 715 715 715 494 494 494 494 495 495 491 491 491 491 480 480 480 480 466 466 466 -9999 -9999 -9999 -9999 -9999 -9999 -9999 -9999
-9999 -9999 -9999 -9999 -9999 -9999 -9999 -9999 -9999 -9999 -9999 774 774 774 774 774 774 775 775 775 773 773 773 773 767 767 769 769 769 769 686 686 686 687 683 682 682 661 661 665 662 663 650 641 641 641 641 641 712 712 712 713 713 713 713 713 715 711 711 711 711 494 494 493 493 491 491 491 491 491 480 480 480 480 466 466 466 -9999 -9999 -9999 -9999 -9999 -9999 -9999 -9999
-9999 -9999 -9999 -9999 -9999 -9999 -9999 -9999 -9999 -9999 -9999 777 777 777 777 777 777 777 777 775 775 773 773 773 767 767 768 769 769 769 686 687 687 684 685 683 682 683 661 661 663 661 650 650 641 641 641 641 641 711 711 711 711 711 713 711 711 711 711 711 711 711 492 492 493 491 491 491 491 491 491 491 470 470 467 466 467 467 467 -9999 -9999 -9999 -9999 -9999 -9999
-9999 -9999 -9999 -9999 -9999 -9999 -9999 -9999 -9999 -9999 -9999 777 777 777 777 777 777 776 776 777 776 776 776 776 768 768 768 769 769 769 692 684 684 691 691 691 683 683 681 670 661 650 650 650 650 650 650 641 650 630 711 711 711 711 711 711 711 711 711 711 711 711 492 492 491 491 491 491 491 470 470 470 470 463 463 467 467 467 467 467 -9999 -9999 -9999 -9999 -9999
-9999 -9999 -9999 -9999 -9999 -9999 -9999 -9999 -9999 779 779 777 777 777 777 777 777 777 776 776 776 776 776 768 768 768 768 769 769 769 692 691 691 691 691 691 691 691 681 670 670 650 650 650 650 650 650 650 630 630 630 711 711 711 711 711 711 711 711 711 711 711 440 440 440 491 491 491 450 450 470 470 470 463 465 465 467 467 469 467 -9999 -9999 -9999 -9999 -9999
-9999 -9999 -9999 -9999 -9999 -9999 -9999 -9999 779 779 779 779 779 779 777 777 777 777 779 776 776 776 776 768 768 768 768 769 769 769 692 692 692 691 691 691 691 691 691 670 670 650 650 650 650 650 650 630 630 630 630 711 711 711 711 711 711 711 711 711 711 440 440 440 440 440 450 450 450 450 470 461 461 461 462 464 467 467 469 468 -9999 -9999 -9999 -9999 -9999
-9999 -9999 -9999 -9999 -9999 -9999 -9999 -9999 779 779 779 779 779 779 779 779 779 779 779 779 779 779 776 779 768 768 768 769 769 692 692 692 692 692 691 691 691 691 691 670 670 670 670 650 650 630 630 630 630 630 630 630 711 711 711 711 711 711 711 711 711 711 440 440 440 440 440 450 450 450 450 470 470 470 470 462 464 467 469 -9999 -9999 -9999 -9999 -9999 -9999
-9999 -9999 -9999 -9999 -9999 -9999 -9999 -9999 -9999 779 779 779 779 779 779 778 778 778 778 779 779 779 779 779 768 768 768 769 769 769 692 692 692 692 692 693 693 691 691 670 670 670 670 622 622 622 621 621 630 630 630 630 630 711 711 711 711 711 711 711 711 711 711 440 440 440 440 440 440 450 450 450 450 450 470 470 462 462 467 -9999 -9999 -9999 -9999 -9999 -9999
-9999 -9999 -9999 -9999 -9999 -9999 -9999 -9999 -9999 779 779 779 779 779 779 779 778 778 778 779 778 778 778 778 768 768 768 769 769 769 692 692 692 692 692 692 695 695 691 670 670 670 670 622 622 622 623 621 621 621 630 630 610 711 711 711 711 711 711 711 711 711 711 438 438 438 440 440 440 450 450 450 450 450 470 470 -9999 -9999 -9999 -9999 -9999 -9999 -9999 -9999 -9999
-9999 -9999 -9999 -9999 -9999 791 791 791 -9999 779 779 779 779 779 779 779 778 778 778 778 778 778 778 769 769 769 769 769 769 769 769 692 692 692 695 695 695 694 695 670 670 670 622 622 622 623 623 621 621 610 610 610 610 711 711 711 711 711 711 711 711 438 438 438 438 438 438 439 450 450 450 450 450 450 450 -9999 -9999 -9999 -9999 -9999 -9999 -9999 -9999 -9999 -9999
-9999 -9999 -9999 -9999 -9999 791 791 791 791 791 779 779 779 779 779 779 778 778 778 778 778 778 778 778 769 769 769 769 769 769 769 692 692 692 695 695 695 694 695 670 670 670 627 624 625 623 623 621 610 610 610 610 610 711 711 711 711 711 711 711 711 438 438 438 438 438 438 439 439 439 450 450 450 -9999 -9999 -9999 -9999 -9999 -9999 -9999 -9999 -9999 -9999 -9999 -9999
-9999 -9999 -9999 -9999 -9999 791 791 791 791 791 779 779 779 779 779 779 778 778 778 778 778 778 778 778 769 769 769 769 769 769 769 692 692 697 697 697 697 694 694 670 670 670 626 627 625 610 610 610 610 610 610 610 610 711 711 711 711 711 711 711 711 438 438 438 438 438 438 439 439 439 439 168 168 -9999 -9999 -9999 -9999 -9999 -9999 -9999 -9999 -9999 -9999 -9999 -9999
-9999 -9999 -9999 -9999 -9999 791 791 791 791 791 791 779 779 779 779 778 778 778 778 778 778 778 778 778 769 769 769 769 769 769 769 692 699 699 697 696 696 694 694 670 629 628 629 627 627 610 610 610 610 610 581 610 610 711 711 711 711 711 711 711 437 437 437 437 437 437 439 439 439 439 169 169 168 -9999 -9999 -9999 -9999 -9999 -9999 -9999 -9999 -9999 -9999 -9999 -9999
-9999 -9999 -9999 -9999 791 791 791 791 791 791 791 779 779 779 778 778 778 778 778 778 778 778 778 778 249 249 249 249 769 769 769 699 699 699 699 696 696 569 569 569 569 629 629 589 588 588 589 581 581 581 581 711 711 711 590 590 711 711 711 711 437 437 437 437 437 437 437 439 439 169 169 169 168 -9999 -9999 -9999 -9999 -9999 -9999 -9999 -9999 -9999 -9999 -9999 -9999
-9999 -9999 791 791 791 791 791 791 791 791 781 779 779 779 778 778 778 778 778 778 778 778 778 778 249 249 249 249 229 229 699 699 699 698 698 699 568 569 569 569 569 629 629 589 589 589 589 587 585 581 581 590 590 590 590 590 711 711 711 711 436 436 436 437 437 437 437 437 169 169 169 169 168 -9999 -9999 -9999 -9999 -9999 -9999 -9999 -9999 -9999 -9999 -9999 -9999
791 791 791 791 791 791 791 791 791 791 781 781 781 781 779 778 778 778 778 778 778 778 778 249 249 249 249 249 229 229 699 699 699 698 698 228 568 568 568 569 569 565 565 563 589 586 586 587 585 581 583 581 581 590 590 590 711 711 711 711 436 436 436 436 437 437 437 437 169 169 169 168 168 -9999 -9999 -9999 -9999 -9999 -9999 -9999 -9999 -9999 -9999 -9999 -9999
793 791 791 791 791 791 791 791 791 781 781 781 781 781 779 779 778 778 778 778 778 778 249 249 249 249 249 229 229 229 229 229 228 228 228 228 568 568 569 569 567 565 565 563 563 562 562 587 584 585 582 583 570 570 570 570 570 540 540 540 436 436 436 435 435 435 437 437 169 169 169 168 168 -9999 -9999 -9999 -9999 -9999 -9999 -9999 -9999 -9999 -9999 -9999 -9999
793 793 791 791 791 791 791 781 781 781 781 781 781 781 781 779 778 778 778 778 778 249 249 249 249 249 249 229 229 229 229 229 229 228 228 228 566 566 566 566 567 565 565 563 563 563 562 562 562 562 570 570 570 570 570 570 570 540 540 540 540 434 434 435 435 435 435 435 169 169 169 169 169 -9999 -9999 -9999 -9999 -9999 -9999 -9999 -9999 -9999 -9999 -9999 -9999
793 793 793 791 791 791 791 782 781 781 781 782 783 781 781 785 786 778 778 778 249 249 249 249 249 249 249 229 229 229 229 229 229 228 229 227 227 566 566 566 564 564 563 563 563 563 563 562 562 561 561 570 570 570 570 550 550 540 540 540 540 434 434 434 434 435 435 435 432 167 167 167 169 -9999 -9999 -9999 -9999 -9999 -9999 -9999 -9999 -9999 -9999 -9999 -9999
793 793 791 791 791 791 791 782 782 782 782 783 783 785 785 785 786 786 786 786 249 249 249 249 249 249 249 249 248 229 229 229 229 229 229 227 227 227 227 566 564 564 563 563 563 563 563 563 563 561 561 561 561 561 550 550 540 540 540 540 540 433 433 433 433 433 433 432 432 167 167 167 167 -9999 -9999 -9999 -9999 -9999 -9999 -9999 -9999 -9999 -9999 -9999 -9999
793 793 793 793 791 791 791 782 782 782 782 783 785 784 785 785 786 786 786 786 249 249 249 249 249 249 249 249 248 248 248 248 229 229 227 227 227 227 227 227 227 563 563 563 563 563 563 563 561 561 561 561 561 550 550 540 540 540 540 540 540 540 433 433 433 433 433 432 432 167 167 167 167 162 -9999 -9999 -9999 -9999 -9999 -9999 -9999 -9999 -9999 -9999 -9999
793 793 793 793 793 793 791 782 782 784 784 784 784 787 787 786 786 786 786 786 249 249 249 249 249 249 249 249 249 248 248 248 248 229 227 227 227 227 227 227 227 227 227 227 563 563 563 563 561 561 561 561 530 530 530 530 540 540 540 540 540 431 431 431 431 433 433 432 432 167 167 167 167 162 162 -9999 -9999 -9999 -9999 -9999 -9999 -9999 -9999 -9999 -9999
793 793 793 793 793 793 793 782 784 784 784 784 784 787 787 787 787 788 788 249 249 249 249 249 249 249 249 249 249 248 248 248 248 248 226 227 227 227 227 227 227 227 227 227 227 227 520 520 520 520 520 520 530 530 530 530 540 540 540 540 540 431 431 431 431 433 432 432 432 167 167 167 167 162 162 -9999 -9999 -9999 -9999 -9999 -9999 -9999 -9999 -9999 -9999
793 793 793 793 793 793 793 793 784 784 784 787 787 787 789 789 788 788 788 249 249 249 249 249 249 249 249 249 249 248 248 248 248 248 226 226 226 227 227 227 227 227 227 227 227 227 520 520 520 520 520 520 520 520 530 530 530 540 540 540 431 431 431 431 431 431 433 433 433 167 167 167 167 162 162 162 162 162 162 162 162 -9999 -9999 -9999 -9999
795 795 795 793 793 793 793 793 784 784 784 787 787 789 789 789 788 788 788 244 244 244 244 249 249 249 249 249 249 249 248 248 248 248 248 226 226 226 227 227 227 227 227 227 227 227 227 520 520 520 520 520 520 518 519 519 516 516 516 431 431 431 431 431 431 431 431 433 433 167 167 167 167 166 162 162 162 162 162 162 162 162 -9999 -9999 -9999
795 795 794 794 793 794 794 794 784 784 784 787 787 789 789 789 789 789 788 244 244 244 244 249 249 249 249 249 249 249 248 248 248 248 248 226 226 226 226 226 226 226 227 227 227 227 227 227 520 520 520 514 514 514 514 517 517 512 512 512 431 431 431 431 431 431 431 431 433 420 167 167 167 166 166 162 162 162 162 162 162 162 -9999 -9999 -9999
795 795 794 794 794 794 794 794 794 794 784 787 787 789 789 789 789 789 789 244 244 244 244 244 249 249 249 249 249 249 248 248 248 248 248 226 226 226 226 226 226 226 226 227 227 227 227 227 227 520 514 514 514 514 515 515 515 512 512 512 418 431 431 431 431 420 420 420 420 420 167 167 167 166 166 162 162 162 162 162 162 -9999 -9999 -9999 -9999
795 795 794 794 794 794 794 794 794 794 289 789 789 789 789 789 789 789 789 789 244 244 244 244 244 244 244 249 249 249 249 248 249 249 249 249 226 226 226 226 226 226 226 226 227 227 227 227 227 514 514 514 515 515 513 513 512 512 512 414 418 418 419 431 431 420 420 420 420 420 167 167 167 165 165 163 162 162 162 162 162 -9999 -9999 -9999 -9999
795 794 794 794 794 794 794 794 794 794 289 289 789 789 789 789 789 789 789 789 244 244 244 244 244 244 244 244 249 249 249 249 249 249 249 247 247 226 226 226 226 226 226 226 227 227 227 227 227 514 514 514 360 360 513 513 511 511 411 415 414 417 419 431 420 420 420 420 420 420 164 164 165 165 163 163 162 162 162 162 -9999 -9999 -9999 -9999 -9999
794 794 794 794 794 794 794 794 794 289 289 289 289 289 789 789 789 789 789 244 244 244 244 244 244 244 244 244 249 249 249 249 247 247 247 247 247 247 226 226 226 226 226 226 226 227 227 225 225 225 514 514 360 360 360 511 511 411 411 413 415 417 416 416 416 420 420 420 164 164 164 164 164 165 163 163 163 162 162 162 -9999 -9999 -9999 -9999 -9999
796 794 794 794 794 794 794 794 794 289 289 289 289 289 789 789 789 789 789 244 244 244 244 244 244 244 244 244 244 244 247 247 247 247 247 247 246 247 226 226 224 224 224 226 225 225 225 225 225 222 222 360 360 360 360 360 511 411 411 413 412 417 416 416 416 420 420 420 194 194 164 164 165 163 163 163 163 162 162 162 -9999 -9999 -9999 -9999 -9999
796 794 794 794 794 794 794 794 794 289 289 289 289 289 289 789 789 789 789 244 244 244 244 244 244 244 244 244 244 244 247 247 247 247 246 246 246 246 246 224 224 224 224 224 224 225 225 223 222 222 222 360 360 360 360 360 390 380 411 413 412 417 417 329 329 196 196 194 194 194 194 164 163 163 163 163 163 163 162 -9999 -9999 -9999 -9999 -9999 -9999
