SiB2_DBHM_derive_trans/DBHModel/MODEL/GEO_INPUT_DATA/dis.asc
ncols         221
nrows         126
xllcorner     -457500 
yllcorner     -1500500
cellsize      10000
NODATA_value  -9999
[rows 31 to 61 of 126, columns 70 to 139 of 221]
-9999 -9999 -9999 -9999 -9999 -9999 -9999 -9999 -9999 -9999 -9999 -9999 -9999 -9999 -9999 -9999 -9999 -9999 -9999 -9999 -9999 -9999 -9999 -9999 -9999 -9999 -9999 -9999 -9999 -9999 -9999 2193087 2188944 2184802 2194802 2204802 2248944 2227229 2217229 2213087 2223087 2218944 2214802 2218944 2228944 2074091 2069949 2088233 2084091 2088233 2092375 2088233 2098233 1723380 1705096 1695096 1685096 1695096 1665096 1655096 1636812 1626812 1622670 1632670 1628528 1618528 1662670 1644386 1634386 1616101
-9999 -9999 -9999 -9999 -9999 -9999 -9999 -9999 -9999 -9999 -9999 -9999 -9999 -9999 -9999 -9999 -9999 -9999 -9999 -9999 -9999 -9999 -9999 -9999 -9999 -9999 -9999 -9999 -9999 -9999 -9999 2203087 2204802 2194802 2204802 2228944 2238944 2231371 2227229 2223087 2233087 2228944 2238944 2228944 2233087 2243087 2079949 2084091 2108233 2118233 1640954 1636812 1626812 1719238 1709238 1699238 1709238 1699238 1669238 1665096 1646812 1622670 1612670 1622670 1612670 1608528 1612670 1648528 1630243 1620243
-9999 -9999 -9999 -9999 -9999 -9999 -9999 -9999 -9999 -9999 -9999 -9999 -9999 -9999 -9999 -9999 -9999 -9999 -9999 -9999 -9999 -9999 -9999 -9999 -9999 -9999 -9999 -9999 -9999 -9999 -9999 2218944 2214802 2204802 2214802 2224802 2283087 2369656 2365513 2361371 2365513 2369656 2248944 2238944 2243087 2099949 2089949 2094091 2104091 2114091 1636812 1626812 1616812 1612670 1713380 1709238 1713380 1620954 1679238 1675096 1630954 1612670 1602670 1598528 1594386 1598528 1588528 1584386 1634386 1596101
-9999 -9999 -9999 -9999 -9999 -9999 -9999 -9999 -9999 -9999 -9999 -9999 -9999 -9999 -9999 -9999 -9999 -9999 -9999 -9999 -9999 -9999 -9999 -9999 -9999 -9999 -9999 -9999 -9999 -9999 -9999 2228944 2224802 2214802 2224802 2228944 2273087 2277229 2355513 2351371 2355513 2359656 2389656 2393798 2403798 2109949 2099949 2109949 2114091 1636812 1626812 1616812 1612670 1602670 1620954 1610954 1606812 1616812 1592670 1582670 1626812 1616812 1598528 1588528 1584386 1574386 1578528 1580243 1570243 1566101
-9999 -9999 -9999 -9999 -9999 -9999 -9999 -9999 -9999 -9999 -9999 -9999 -9999 -9999 -9999 -9999 -9999 -9999 -9999 -9999 -9999 -9999 -9999 -9999 -9999 -9999 -9999 -9999 -9999 -9999 -9999 2238944 2234802 2224802 2234802 2253087 2263087 2273087 2337229 2341371 2345513 2383798 2379656 2383798 2393798 2114091 2109949 1666812 1650954 1646812 1622670 1612670 1602670 1592670 1602670 1592670 1596812 1606812 1582670 1572670 1568528 1564386 1602670 1584386 1574386 1564386 1574386 1578528 1566101 1556101
-9999 -9999 -9999 -9999 -9999 -9999 -9999 -9999 -9999 -9999 -9999 -9999 -9999 -9999 -9999 -9999 -9999 -9999 -9999 -9999 -9999 -9999 -9999 -9999 -9999 -9999 -9999 -9999 -9999 -9999 -9999 2248944 2244802 2234802 2238944 2248944 2258944 2323087 2327229 2331371 2369656 2365513 2369656 2379656 2389656 2124091 1666812 1656812 1646812 1636812 1626812 1602670 1592670 1582670 1592670 1582670 1592670 1588528 1578528 1568528 1558528 1554386 1598528 1588528 1564386 1554386 1564386 1554386 1570243 1551959
-9999 -9999 -9999 -9999 -9999 -9999 -9999 -9999 -9999 -9999 -9999 -9999 -9999 -9999 -9999 -9999 -9999 -9999 -9999 -9999 -9999 -9999 -9999 -9999 -9999 -9999 -9999 -9999 2291371 2287229 2263087 2258944 2248944 2258944 2248944 2258944 2297229 2313087 2317229 2341371 2351371 2355513 2365513 2375513 2413798 2417940 2427940 1666812 1642670 1632670 1622670 1612670 1602670 1592670 1568528 1578528 1554386 1558528 1582670 1578528 1568528 1544386 1540243 1578528 1554386 1544386 1540243 1550243 1551959 1541959
-9999 -9999 -9999 -9999 -9999 -9999 -9999 -9999 -9999 -9999 -9999 -9999 -9999 -9999 -9999 -9999 -9999 -9999 -9999 -9999 -9999 -9999 -9999 -9999 -9999 -9999 -9999 -9999 2287229 2277229 2273087 2303087 2298944 2268944 2258944 2268944 2287229 2303087 2321371 2331371 2341371 2345513 2355513 2365513 2403798 2407940 1638528 1634386 1655096 1645096 1626812 1616812 1592670 1582670 1578528 1554386 1544386 1540243 1592670 1582670 1578528 1540243 1530243 1526101 1558528 1540243 1530243 1540243 1544386 1531959
-9999 -9999 -9999 -9999 -9999 -9999 -9999 -9999 -9999 -9999 -9999 -9999 -9999 -9999 -9999 -9999 -9999 -9999 -9999 -9999 -9999 -9999 -9999 -9999 -9999 -9999 -9999 -9999 2337229 2327229 2323087 2298944 2288944 2278944 2268944 2273087 2283087 2293087 2311371 2321371 2331371 2341371 2379656 2383798 2393798 2403798 1634386 1624386 1620243 1640954 1630954 1606812 1596812 1592670 1560243 1550243 1534386 1530243 1526101 1592670 1540243 1530243 1520243 1516101 1520243 1530243 1520243 1530243 1511959 1521959
-9999 -9999 -9999 -9999 -9999 -9999 -9999 -9999 -9999 -9999 -9999 -9999 -9999 -9999 -9999 -9999 -9999 -9999 -9999 -9999 -9999 -9999 -9999 -9999 -9999 -9999 -9999 -9999 2333087 2323087 2313087 2303087 2307229 2303087 2278944 2283087 2293087 2297229 2307229 2317229 2341371 2345513 2369656 2379656 2389656 2407940 1630243 1620243 1610243 1606101 1590243 1586101 1606812 1554386 1544386 1540243 1536101 1520243 1516101 1511959 1516101 1526101 1516101 1506101 1501959 1534386 1530243 1506101 1501959 1511959
-9999 -9999 -9999 -9999 -9999 -9999 -9999 -9999 -9999 -9999 -9999 -9999 -9999 -9999 -9999 -9999 -9999 -9999 -9999 -9999 -9999 -9999 -9999 -9999 -9999 -9999 -9999 2347229 2337229 2327229 2317229 2321371 2303087 2293087 2288944 2298944 2297229 2307229 2317229 2321371 2351371 2355513 2365513 2383798 2393798 1638528 1634386 1618528 1606101 1596101 1586101 1576101 1571959 1567817 1540243 1530243 1526101 1510243 1506101 1501959 1506101 1530243 1520243 1501959 1491959 1487817 1520243 1516101 1491959 1501959
-9999 -9999 -9999 -9999 -9999 -9999 -9999 -9999 -9999 -9999 -9999 -9999 -9999 -9999 -9999 -9999 -9999 -9999 -9999 -9999 -9999 -9999 -9999 -9999 -9999 -9999 -9999 2365513 2341371 2331371 2327229 2331371 2313087 2303087 2313087 2303087 2313087 2317229 2327229 2331371 2369656 2365513 2369656 2379656 2389656 1634386 1624386 1620243 1604386 1600243 1581959 1571959 1561959 1557817 1553675 1526101 1516101 1506101 1496101 1491959 1496101 1534386 1516101 1506101 1487817 1477817 1487817 1477817 1487817 1477817
-9999 -9999 -9999 -9999 -9999 -9999 -9999 -9999 -9999 -9999 -9999 -9999 -9999 -9999 -9999 -9999 -9999 -9999 -9999 -9999 -9999 -9999 -9999 -9999 -9999 -9999 2405513 2361371 2351371 2341371 2337229 2341371 2337229 2313087 2323087 2327229 2337229 2327229 2331371 2383798 2379656 2383798 2379656 2383798 2393798 1630243 1620243 1610243 1594386 1590243 1571959 1561959 1551959 1547817 1543675 1530243 1526101 1501959 1491959 1481959 1477817 1481959 1511959 1507817 1491959 1473675 1463675 1459533 1463675 1467817
-9999 -9999 -9999 -9999 -9999 -9999 -9999 -9999 -9999 -9999 -9999 -9999 -9999 -9999 -9999 -9999 -9999 -9999 -9999 -9999 -9999 -9999 -9999 -9999 -9999 -9999 2401371 2391371 2381371 2371371 2361371 2337229 2327229 2323087 2333087 2337229 2341371 2351371 2341371 2427940 2417940 2393798 2403798 2413798 2397940 1634386 1624386 1600243 1596101 1580243 1576101 1566101 1547817 1537817 1533675 1529533 1533675 1506101 1496101 1471959 1467817 1471959 1507817 1497817 1487817 1469533 1459533 1449533 1453675 1463675
-9999 -9999 -9999 -9999 -9999 -9999 -9999 -9999 -9999 -9999 -9999 -9999 -9999 -9999 -9999 -9999 -9999 -9999 -9999 -9999 -9999 -9999 -9999 -9999 -9999 -9999 2397229 2387229 2377229 2367229 2357229 2347229 2337229 2347229 2357229 2347229 2351371 2355513 2365513 2417940 2407940 2403798 2413798 2432082 2442082 1616101 1606101 1596101 1586101 1576101 1566101 1561959 1537817 1527817 1523675 1519533 1523675 1493675 1477817 1467817 1457817 1467817 1457817 1493675 1483675 1473675 1449533 1439533 1449533 1467817
-9999 -9999 -9999 -9999 -9999 -9999 -9999 -9999 -9999 -9999 -9999 -9999 -9999 -9999 -9999 -9999 -9999 -9999 -9999 -9999 -9999 -9999 -9999 -9999 -9999 -9999 2429656 2419656 2409656 2399656 2375513 2371371 2347229 2357229 2361371 2371371 2361371 2365513 2375513 2427940 2417940 2413798 2417940 2427940 2437940 1620243 1610243 1600243 1581959 1571959 1561959 1551959 1547817 1523675 1513675 1509533 1513675 1483675 1479533 1477817 1467817 1443675 1439533 1443675 1467817 1449533 1439533 1429533 1439533 1463675
-9999 -9999 -9999 -9999 -9999 -9999 -9999 -9999 -9999 -9999 -9999 -9999 -9999 -9999 -9999 -9999 -9999 -9999 -9999 -9999 -9999 -9999 -9999 -9999 -9999 -9999 2433798 2423798 2413798 2389656 2385513 2361371 2357229 2367229 2371371 2395513 2405513 2415513 2425513 2457940 2447940 2423798 2427940 2437940 2447940 1632670 1606101 1596101 1571959 1561959 1551959 1547817 1537817 1533675 1503675 1499533 1489533 1479533 1469533 1459533 1449533 1439533 1429533 1433675 1435391 1453675 1429533 1419533 1429533 1419533
-9999 -9999 -9999 -9999 -9999 -9999 -9999 -9999 -9999 -9999 -9999 -9999 -9999 -9999 -9999 -9999 -9999 -9999 -9999 -9999 -9999 -9999 -9999 -9999 2472082 2467940 2429656 2419656 2409656 2385513 2375513 2371371 2381371 2371371 2381371 2391371 2401371 2411371 2457940 2447940 2437940 2433798 2437940 2447940 2457940 1622670 1596101 1586101 1567817 1557817 1547817 1537817 1533675 1523675 1499533 1489533 1479533 1469533 1459533 1449533 1439533 1429533 1419533 1415391 1425391 1429533 1419533 1409533 1405391 1415391
-9999 -9999 -9999 -9999 -9999 -9999 -9999 -9999 -9999 -9999 -9999 -9999 -9999 -9999 -9999 -9999 -9999 -9999 -9999 -9999 -9999 -9999 -9999 2486225 2467940 2457940 2453798 2443798 2433798 2395513 2385513 2395513 2385513 2429656 2385513 2395513 2405513 2415513 2462082 2457940 2447940 2443798 2447940 2457940 2467940 1618528 1608528 1598528 1571959 1561959 1551959 1533675 1523675 1513675 1503675 1499533 1489533 1479533 1469533 1459533 1449533 1439533 1415391 1405391 1415391 1425391 1423675 1419533 1395391 1405391
-9999 -9999 -9999 -9999 -9999 -9999 -9999 -9999 -9999 -9999 -9999 -9999 -9999 -9999 -9999 -9999 -9999 -9999 -9999 -9999 -9999 -9999 -9999 2496225 2463798 2453798 2443798 2433798 2423798 2419656 2395513 2405513 2415513 2425513 2435513 2445513 2455513 2419656 2483798 2467940 2457940 2453798 2457940 2467940 1624386 1614386 1604386 1594386 1584386 1557817 1547817 1537817 1527817 1523675 1513675 1509533 1513675 1537817 1473675 1469533 1439533 1429533 1425391 1415391 1391249 1401249 1411249 1409533 1405391 1381249
-9999 -9999 -9999 -9999 -9999 -9999 -9999 -9999 -9999 -9999 -9999 -9999 -9999 -9999 -9999 -9999 -9999 -9999 -9999 -9999 -9999 -9999 -9999 -9999 2476225 2466225 2447940 2437940 2433798 2409656 2405513 2415513 2425513 2435513 2439656 2449656 2459656 2469656 2479656 2477940 2467940 2463798 2467940 2477940 2502082 1618528 1608528 1598528 1580243 1570243 1551959 1541959 1537817 1541959 1523675 1519533 1523675 1533675 1449533 1445391 1435391 1411249 1401249 1405391 1401249 1377106 1387106 1397106 1387106 1377106
-9999 -9999 -9999 -9999 -9999 -9999 -9999 -9999 -9999 -9999 -9999 -9999 -9999 -9999 -9999 -9999 -9999 -9999 -9999 -9999 -9999 -9999 -9999 -9999 2472082 2462082 2452082 2433798 2423798 2419656 2429656 2419656 2429656 2439656 2449656 2493798 2497940 2507940 2517940 2487940 2477940 2473798 2477940 2482082 2492082 1614386 1604386 1594386 1584386 1566101 1556101 1551959 1561959 1551959 1533675 1537817 1533675 1543675 1445391 1435391 1425391 1421249 1397106 1387106 1377106 1367106 1377106 1361249 1391249 1367106
-9999 -9999 -9999 -9999 -9999 -9999 -9999 -9999 -9999 -9999 -9999 -9999 -9999 -9999 -9999 -9999 -9999 -9999 -9999 -9999 2570367 2574509 2578651 -9999 2476225 2472082 2447940 2437940 2433798 2429656 2433798 2429656 2439656 2449656 2473798 2483798 2493798 2497940 2536225 2526225 2516225 2506225 2496225 2492082 2496225 2506225 1600243 1590243 1580243 1576101 1566101 1561959 1566101 1576101 1571959 1567817 1543675 1459533 1449533 1439533 1421249 1411249 1401249 1391249 1367106 1357106 1347106 1342964 1361249 1351249
-9999 -9999 -9999 -9999 -9999 -9999 -9999 -9999 -9999 -9999 -9999 -9999 -9999 -9999 -9999 -9999 -9999 -9999 -9999 -9999 2560367 2564509 2546225 2550367 2520367 2467940 2457940 2447940 2457940 2482082 2443798 2439656 2443798 2453798 2463798 2473798 2483798 2493798 2503798 2530367 2520367 2510367 2520367 2502082 2506225 2516225 1610243 1600243 1590243 1586101 1576101 1586101 1576101 1586101 1567817 1557817 1567817 1463675 1445391 1435391 1425391 1421249 1411249 1395391 1371249 1367106 1342964 1332964 1351249 1341249
-9999 -9999 -9999 -9999 -9999 -9999 -9999 -9999 -9999 -9999 -9999 -9999 -9999 -9999 -9999 -9999 -9999 -9999 -9999 -9999 2550367 2540367 2536225 2540367 2510367 2486225 2482082 2457940 2467940 2477940 2453798 2449656 2453798 2457940 2467940 2477940 2487940 2497940 2507940 2534509 2524509 2520367 2530367 2534509 2516225 2526225 1614386 1604386 1614386 1596101 1586101 1596101 1586101 1590243 1577817 1567817 1571959 1459533 1449533 1445391 1421249 1411249 1401249 1391249 1381249 1357106 1332964 1322964 1355391 1337106
-9999 -9999 -9999 -9999 -9999 -9999 -9999 -9999 -9999 -9999 -9999 -9999 -9999 -9999 -9999 -9999 -9999 -9999 -9999 -9999 2540367 2536225 2526225 2516225 2506225 2496225 2472082 2467940 2477940 2482082 2469656 2459656 2469656 2467940 2472082 2487940 2497940 2507940 2517940 2544509 2534509 2530367 2534509 2544509 2526225 2536225 1624386 1628528 1624386 1600243 1596101 1606101 1604386 1600243 1581959 1491959 1473675 1463675 1459533 1463675 1425391 1415391 1405391 1395391 1391249 1332964 1322964 1312964 1308822 1312964
-9999 -9999 -9999 -9999 -9999 -9999 -9999 -9999 -9999 -9999 -9999 -9999 -9999 -9999 -9999 -9999 -9999 -9999 -9999 2560367 2550367 2526225 2516225 2506225 2496225 2486225 2482082 2492082 2482082 2483798 2473798 2469656 2473798 2483798 2502082 2512082 2502082 2512082 2522082 1595096 1585096 1580954 1585096 2554509 2536225 2540367 1642670 1624386 1614386 1624386 1606101 1610243 1471959 1467817 1457817 1461959 1477817 1473675 1403675 1393675 1383675 1379533 1347106 1337106 1327106 1322964 1318822 1308822 1298822 1302964
-9999 -9999 -9999 -9999 -9999 -9999 -9999 -9999 -9999 -9999 -9999 -9999 -9999 -9999 -9999 -9999 -9999 2584509 2574509 2550367 2540367 2550367 2526225 2516225 2506225 2496225 2492082 2496225 2506225 2487940 2483798 2479656 2483798 2487940 2497940 2507940 2517940 2527940 2532082 1570954 1580954 1570954 1580954 1454386 1458528 1662670 1638528 1628528 1624386 1634386 1638528 1466101 1467817 1457817 1447817 1457817 1487817 1491959 1399533 1389533 1379533 1369533 1365391 1355391 1322964 1312964 1308822 1298822 1288822 1298822
-9999 -9999 -9999 -9999 -9999 -9999 -9999 2691078 2701078 2671078 -9999 -9999 2646936 2656936 2632794 2602794 2598651 2574509 2564509 2554509 2550367 2560367 2536225 2540367 2516225 2506225 2510367 2520367 2544509 2520367 2502082 2517940 2507940 2497940 2507940 2512082 2527940 2537940 1570954 1560954 1556812 1560954 1570954 1444386 1454386 1652670 1642670 1638528 1634386 1638528 1414386 1461959 1451959 1441959 1437817 1447817 1431959 1427817 1409533 1399533 1375391 1365391 1355391 1345391 1327106 1317106 1298822 1288822 1278822 1288822
-9999 -9999 -9999 -9999 -9999 -9999 2705220 2701078 2676936 2666936 2656936 2646936 2636936 2632794 2622794 2612794 2588651 2578651 2574509 2564509 2568651 2550367 2546225 2530367 2520367 2516225 2520367 2530367 2540367 2530367 2534509 2522082 2512082 2507940 2512082 2522082 2526225 1565096 1560954 1556812 1546812 1556812 1444386 1434386 1430244 1420244 1424386 1400244 1396101 1400244 1404386 1466101 1461959 1437817 1427817 1423675 1413675 1417817 1399533 1403675 1365391 1361249 1365391 1341249 1331249 1312964 1302964 1278822 1268822 1278822
2987354 -9999 -9999 -9999 -9999 -9999 2715220 2682794 2672794 2662794 2652794 2642794 2632794 2622794 2612794 2602794 2612794 2588651 2592794 2574509 2584509 2560367 2578651 2568651 2530367 2534509 2530367 2534509 2544509 2562794 2544509 2526225 2522082 2517940 2522082 2532082 1570954 1560954 1550954 1546812 1536812 1546812 1440244 1430244 1420244 1410244 1420244 1396101 1386101 1390244 1400244 1461959 1451959 1433675 1423675 1413675 1403675 1413675 1389533 1385391 1389533 1351249 1341249 1337106 1341249 1288822 1278822 1268822 1258822 1268822
