SiB2_DBHM_derive_trans/DBHModel/MODEL/GEO_INPUT_DATA/dis.asc
ncols         221
nrows         126
xllcorner     -457500 
yllcorner     -1500500
cellsize      10000
NODATA_value  -9999
[rows 62 to 92 of 126, columns 0 to 69 of 221]
-9999 -9999 -9999 -9999 -9999 -9999 -9999 -9999 -9999 -9999 -9999 -9999 -9999 -9999 -9999 -9999 -9999 -9999 -9999 -9999 -9999 -9999 -9999 -9999 -9999 -9999 -9999 -9999 -9999 -9999 -9999 -9999 -9999 -9999 -9999 -9999 -9999 -9999 -9999 -9999 -9999 -9999 -9999 -9999 -9999 -9999 -9999 -9999 -9999 -9999 -9999 -9999 3133923 3129781 3139781 3132208 3099781 3095639 3085639 3075639 3085639 3063923 3053923 3029781 3019781 3009781 3005639 3009781 3005639 2987354
-9999 -9999 -9999 -9999 -9999 -9999 -9999 -9999 -9999 -9999 -9999 -9999 -9999 -9999 -9999 -9999 -9999 -9999 -9999 -9999 -9999 -9999 -9999 -9999 -9999 -9999 -9999 -9999 -9999 -9999 -9999 -9999 -9999 -9999 -9999 -9999 -9999 -9999 -9999 -9999 -9999 -9999 -9999 -9999 -9999 -9999 -9999 -9999 -9999 -9999 -9999 3148065 3129781 3119781 3129781 3119781 3095639 3085639 3075639 3065639 3075639 3057354 3067354 3039781 3023923 3005639 2995639 2991496 2987354 2991496
-9999 -9999 -9999 -9999 -9999 -9999 -9999 -9999 -9999 -9999 -9999 -9999 -9999 -9999 -9999 -9999 -9999 -9999 -9999 -9999 -9999 -9999 -9999 -9999 -9999 -9999 -9999 -9999 -9999 -9999 -9999 -9999 -9999 -9999 -9999 -9999 -9999 -9999 -9999 -9999 -9999 -9999 -9999 -9999 -9999 -9999 -9999 -9999 -9999 -9999 -9999 -9999 3119781 3109781 3105639 3109781 3105639 3081496 3071496 3061496 3051496 3047354 3057354 3061496 3019781 3009781 2991496 2981496 2977354 2987354
-9999 -9999 -9999 -9999 -9999 -9999 -9999 -9999 -9999 -9999 -9999 -9999 -9999 -9999 -9999 -9999 -9999 -9999 -9999 -9999 -9999 -9999 -9999 -9999 -9999 -9999 -9999 -9999 -9999 -9999 -9999 -9999 -9999 -9999 -9999 -9999 -9999 -9999 -9999 -9999 -9999 -9999 -9999 -9999 -9999 -9999 -9999 -9999 -9999 -9999 -9999 -9999 3115639 3105639 3095639 3091496 3095639 3085639 3081496 3071496 3041496 3037354 3041496 3051496 3055639 3065639 2995639 2977354 2967354 2963212
-9999 -9999 -9999 -9999 -9999 -9999 -9999 -9999 -9999 -9999 -9999 -9999 -9999 -9999 -9999 -9999 -9999 -9999 -9999 -9999 -9999 -9999 -9999 -9999 -9999 -9999 -9999 -9999 -9999 -9999 -9999 -9999 -9999 -9999 -9999 -9999 -9999 -9999 -9999 -9999 -9999 -9999 -9999 -9999 -9999 -9999 -9999 -9999 -9999 -9999 -9999 -9999 -9999 3115639 3091496 3081496 3071496 3075639 3051496 3047354 3037354 3027354 3037354 3041496 3051496 3061496 3005639 2981496 2963212 2953212
-9999 -9999 -9999 -9999 -9999 -9999 -9999 -9999 -9999 -9999 -9999 -9999 -9999 -9999 -9999 -9999 -9999 -9999 -9999 -9999 -9999 -9999 -9999 -9999 -9999 -9999 -9999 -9999 -9999 -9999 -9999 -9999 -9999 -9999 -9999 -9999 -9999 -9999 -9999 -9999 -9999 -9999 -9999 -9999 -9999 -9999 -9999 -9999 -9999 -9999 -9999 -9999 -9999 3105639 3081496 3071496 3061496 3051496 3041496 3037354 3027354 3017354 3027354 3031496 3007354 3017354 3021496 2977354 2967354 2963212
-9999 -9999 -9999 -9999 -9999 -9999 -9999 -9999 -9999 -9999 -9999 -9999 -9999 -9999 -9999 -9999 -9999 -9999 -9999 -9999 -9999 -9999 -9999 -9999 -9999 -9999 -9999 -9999 -9999 -9999 -9999 -9999 -9999 -9999 -9999 -9999 -9999 -9999 -9999 -9999 -9999 -9999 -9999 -9999 -9999 -9999 -9999 -9999 -9999 -9999 -9999 -9999 -9999 -9999 3085639 3081496 3057354 3047354 3037354 3027354 3017354 3007354 3017354 2993212 2997354 3007354 2969070 2959070 2963212 2939070
-9999 -9999 -9999 -9999 -9999 -9999 -9999 -9999 -9999 -9999 -9999 -9999 -9999 -9999 -9999 -9999 -9999 -9999 -9999 -9999 -9999 -9999 -9999 -9999 -9999 -9999 -9999 -9999 -9999 -9999 -9999 -9999 -9999 -9999 -9999 -9999 -9999 -9999 -9999 -9999 -9999 -9999 -9999 -9999 -9999 -9999 -9999 -9999 -9999 3210492 3206350 -9999 -9999 -9999 3095639 3071496 3067354 3051496 3041496 3037354 3027354 3017354 2993212 2983212 2993212 2969070 2959070 2949070 2939070 2929070
-9999 -9999 -9999 -9999 -9999 -9999 -9999 -9999 -9999 -9999 -9999 -9999 -9999 -9999 -9999 -9999 -9999 -9999 -9999 -9999 -9999 -9999 -9999 -9999 -9999 -9999 -9999 -9999 -9999 -9999 -9999 -9999 -9999 -9999 -9999 -9999 -9999 -9999 -9999 -9999 -9999 -9999 -9999 -9999 -9999 -9999 -9999 -9999 -9999 3192208 3196350 3183923 3173923 -9999 3168065 3087354 3077354 3055639 3051496 3047354 3031496 3007354 3003212 2993212 2969070 2959070 2949070 2939070 2929070 2919070
-9999 -9999 -9999 -9999 -9999 -9999 -9999 -9999 -9999 -9999 -9999 -9999 -9999 -9999 -9999 -9999 -9999 -9999 -9999 -9999 -9999 -9999 -9999 -9999 -9999 -9999 -9999 -9999 -9999 -9999 -9999 -9999 -9999 -9999 -9999 -9999 -9999 -9999 -9999 -9999 -9999 -9999 -9999 -9999 -9999 -9999 -9999 -9999 -9999 3182208 3172208 3168065 3163923 3168065 3158065 3091496 3087354 3065639 3061496 3057354 3041496 3045639 3007354 2983212 2979070 2969070 2959070 2949070 2939070 2914927
-9999 -9999 -9999 -9999 -9999 -9999 -9999 -9999 -9999 -9999 -9999 -9999 -9999 -9999 -9999 -9999 -9999 -9999 -9999 -9999 -9999 -9999 -9999 -9999 -9999 -9999 -9999 -9999 -9999 -9999 -9999 -9999 -9999 -9999 -9999 -9999 -9999 -9999 -9999 -9999 -9999 -9999 -9999 -9999 -9999 -9999 -9999 -9999 -9999 3172208 3162208 3158065 3153923 3143923 3148065 3123923 3113923 3109781 3079781 3055639 3051496 3047354 3051496 2993212 2989070 2979070 2969070 2953212 2929070 2924927
-9999 -9999 -9999 -9999 -9999 -9999 -9999 -9999 -9999 -9999 -9999 -9999 -9999 -9999 -9999 -9999 -9999 -9999 -9999 -9999 -9999 -9999 -9999 -9999 -9999 -9999 -9999 -9999 -9999 -9999 -9999 -9999 -9999 -9999 -9999 -9999 -9999 -9999 -9999 -9999 -9999 -9999 -9999 -9999 -9999 -9999 -9999 -9999 3178065 3168065 3158065 3148065 3143923 3133923 3123923 3113923 3103923 3099781 3069781 3065639 3041496 3037354 3027354 3037354 3041496 3051496 2967354 2963212 2939070 2914927
-9999 -9999 -9999 -9999 -9999 -9999 -9999 -9999 -9999 -9999 -9999 -9999 -9999 -9999 -9999 -9999 -9999 -9999 -9999 -9999 -9999 -9999 -9999 -9999 -9999 -9999 -9999 -9999 -9999 -9999 -9999 -9999 -9999 -9999 -9999 -9999 3377772 3367772 3363630 3367772 3363630 -9999 -9999 -9999 -9999 -9999 -9999 -9999 3188065 3172208 3162208 3143923 3133923 3123923 3113923 3103923 3093923 3089781 3079781 3055639 3037354 3027354 3017354 3027354 3009070 3013212 2989070 2993212 2974927 2924927
-9999 -9999 -9999 -9999 -9999 -9999 -9999 -9999 -9999 -9999 -9999 -9999 -9999 -9999 -9999 -9999 -9999 -9999 -9999 -9999 -9999 -9999 -9999 -9999 -9999 -9999 -9999 -9999 -9999 -9999 -9999 -9999 -9999 -9999 -9999 -9999 3381915 3363630 3353630 3349488 3345346 3327061 3317061 -9999 -9999 -9999 -9999 -9999 3186350 3176350 3166350 3162208 3138065 3148065 3123923 3099781 3089781 3079781 3069781 3065639 3075639 3037354 3027354 3003212 2999070 3009070 2979070 2969070 2964927 2969070
-9999 -9999 -9999 -9999 -9999 -9999 -9999 -9999 -9999 -9999 -9999 -9999 -9999 -9999 -9999 -9999 -9999 -9999 -9999 -9999 -9999 -9999 -9999 -9999 -9999 -9999 -9999 -9999 -9999 -9999 -9999 -9999 -9999 -9999 -9999 -9999 -9999 3373630 3349488 3339488 3335346 3331203 3312919 3302919 -9999 -9999 -9999 -9999 3204634 3200492 3176350 3152208 3148065 3158065 3113923 3109781 3099781 3089781 3079781 3075639 3079781 3041496 3017354 3013212 2989070 2984927 2969070 2959070 2954927 2944927
-9999 -9999 -9999 -9999 -9999 -9999 -9999 -9999 -9999 -9999 -9999 -9999 -9999 -9999 -9999 -9999 -9999 -9999 -9999 -9999 -9999 -9999 -9999 -9999 -9999 -9999 -9999 -9999 -9999 -9999 -9999 -9999 -9999 -9999 -9999 -9999 -9999 3363630 3353630 3335346 3325346 3321203 3297061 3292919 3262919 3267061 -9999 -9999 3200492 3190492 3166350 3176350 3158065 3162208 3172208 3128065 3103923 3093923 3089781 3093923 3103923 3113923 3027354 2994927 2984927 2974927 2964927 2954927 2944927 2934927
-9999 -9999 -9999 -9999 -9999 -9999 -9999 -9999 -9999 -9999 -9999 -9999 -9999 -9999 -9999 -9999 -9999 -9999 -9999 -9999 -9999 -9999 -9999 -9999 -9999 -9999 -9999 -9999 -9999 -9999 -9999 -9999 -9999 -9999 -9999 -9999 -9999 3367772 3377772 3339488 3321203 3311203 3292919 3282919 3252919 3248777 3218777 3214634 3190492 3180492 3190492 3186350 3190492 3172208 3176350 3138065 3142208 3103923 3108065 3103923 3108065 3118065 3029070 2999070 2994927 2984927 2974927 2964927 2954927 2944927
-9999 -9999 -9999 -9999 -9999 -9999 -9999 -9999 -9999 -9999 -9999 -9999 -9999 -9999 -9999 -9999 -9999 -9999 -9999 -9999 -9999 -9999 -9999 -9999 -9999 -9999 -9999 -9999 -9999 -9999 -9999 -9999 -9999 -9999 -9999 -9999 -9999 -9999 3365346 3361203 3331203 3321203 3282919 3272919 3268777 3238777 3214634 3204634 3214634 3190492 3194634 3204634 3228777 3232919 3248777 3258777 3152208 3128065 3118065 3128065 3118065 3034927 3024927 3014927 3004927 3014927 2984927 2974927 2979070 2989070
-9999 -9999 -9999 -9999 -9999 -9999 -9999 -9999 -9999 -9999 -9999 -9999 -9999 -9999 -9999 -9999 -9999 -9999 -9999 -9999 -9999 -9999 -9999 -9999 -9999 -9999 -9999 -9999 -9999 -9999 -9999 -9999 -9999 -9999 -9999 -9999 -9999 3379488 3361203 3351203 3341203 3331203 3287061 3268777 3258777 3248777 3224634 3214634 3224634 3228777 3204634 3208777 3218777 3228777 3238777 3248777 3258777 3132208 3128065 3138065 3049070 3044927 3029070 3024927 3014927 3019070 3029070 2993212 2989070 2999070
-9999 -9999 -9999 -9999 -9999 -9999 -9999 -9999 -9999 -9999 -9999 -9999 -9999 -9999 -9999 -9999 -9999 4341034 4345176 -9999 -9999 -9999 -9999 -9999 -9999 -9999 -9999 -9999 -9999 -9999 -9999 -9999 -9999 -9999 -9999 -9999 -9999 3389488 3351203 3341203 3337061 3341203 3288777 3278777 3268777 3244634 3234634 3224634 3234634 3238777 3214634 3218777 3228777 3232919 3242919 3252919 3262919 3272919 3282919 3292919 3073212 3063212 3039070 3029070 3024927 3029070 3033212 3005639 3001496 2991496
-9999 -9999 -9999 -9999 -9999 -9999 -9999 -9999 -9999 -9999 4375176 4371034 4381034 4356892 -9999 4345176 4341034 4331034 4335176 4325176 4329318 4339318 -9999 -9999 4216182 4206182 -9999 -9999 -9999 -9999 -9999 -9999 -9999 -9999 -9999 -9999 -9999 -9999 -9999 3337061 3327061 3337061 3312919 3282919 3278777 3274634 3244634 3234634 3244634 3262919 3304634 3322919 3318777 3328777 3252919 3262919 3272919 3277061 3287061 3297061 3077354 3059070 3049070 3039070 3049070 3039070 3011496 3001496 2991496 2981496
-9999 -9999 -9999 -9999 -9999 -9999 -9999 -9999 -9999 -9999 4371034 4361034 4365176 4346892 4336892 4326892 4331034 4321034 4311034 4315176 4311034 4306892 4302750 4306892 4206182 4196182 4192040 4187898 4192040 -9999 -9999 -9999 -9999 -9999 -9999 -9999 -9999 -9999 -9999 3341203 3337061 3312919 3308777 3298777 3274634 3264634 3254634 3244634 3248777 3258777 3294634 3304634 3308777 3318777 3328777 3338777 3348777 3358777 3368777 3378777 3073212 3063212 3053212 3049070 3053212 3059781 3015639 3005639 3001496 2991496
-9999 -9999 -9999 -9999 -9999 -9999 -9999 -9999 -9999 4371034 4361034 4351034 4361034 4336892 4326892 4316892 4306892 4311034 4301034 4296892 4301034 4296892 4292750 4296892 4196182 4192040 4182040 4177898 4182040 4177898 -9999 -9999 -9999 -9999 -9999 -9999 -9999 3348777 3338777 3328777 3318777 3308777 3298777 3288777 3278777 3274634 3264634 3254634 3264634 3274634 3284634 3294634 3304634 3314634 3324634 3334634 3358777 3362919 3372919 3382919 3089070 3079070 3069070 3059070 3069070 3049781 3039781 3021496 3011496 3015639
-9999 -9999 -9999 -9999 -9999 -9999 -9999 -9999 4385176 4375176 4385176 4361034 4336892 4326892 4316892 4306892 4296892 4306892 4282750 4286892 4268608 4272750 4282750 4224466 4192040 4182040 4172040 4167898 4177898 4167898 4163755 4153755 4163755 4173755 -9999 -9999 3362919 3352919 3342919 3332919 3337061 3312919 3308777 3298777 3288777 3292919 3268777 3264634 3268777 3278777 3294634 3304634 3314634 3324634 3334634 3338777 3348777 3165639 3135639 3131496 3127354 3097354 3079070 3069070 3079070 3053923 3035639 3025639 3021496 3025639
-9999 -9999 -9999 -9999 -9999 -9999 -9999 -9999 4389318 4385176 4389318 4371034 4346892 4336892 4326892 4316892 4292750 4282750 4272750 4282750 4258608 4262750 4272750 4214466 4210324 4186182 4182040 4157898 4153755 4163755 4145471 4135471 4139613 4149613 4187898 -9999 3372919 3357061 3347061 3357061 3332919 3322919 3312919 3308777 3298777 3308777 3298777 3288777 3278777 3288777 3318777 3328777 3324634 3334634 3338777 3348777 3165639 3155639 3131496 3121496 3117354 3093212 3083212 3079070 3083212 3063923 3045639 3035639 3045639 3043923
-9999 -9999 -9999 -9999 -9999 -9999 -9999 -9999 4399318 4375176 4365176 4355176 4345176 4335176 4316892 4306892 4302750 4292750 4268608 4258608 4248608 4258608 4234466 4224466 4200324 4196182 4206182 4167898 4143755 4153755 4129613 4125471 4129613 4139613 4149613 4099613 3371203 3361203 3357061 3361203 3371203 3332919 3322919 3318777 3322919 3312919 3302919 3298777 3288777 3298777 3322919 3338777 3342919 3344634 3175639 3165639 3155639 3145639 3135639 3131496 3107354 3097354 3093212 3097354 3291203 3287061 3049781 3045639 3055639 3048065
-9999 -9999 -9999 -9999 -9999 -9999 -9999 -9999 -9999 4379318 4369318 4365176 4341034 4331034 4321034 4316892 4312750 4282750 4278608 4268608 4244466 4234466 4224466 4214466 4210324 4220324 4210324 4157898 4153755 4129613 4119613 4115471 4125471 4135471 4085471 4095471 4113755 3399488 3381203 3371203 3381203 3371203 3361203 3357061 3347061 3317061 3312919 3308777 3298777 3308777 3332919 3337061 3347061 3377061 3381203 3169781 3159781 3155639 3145639 3121496 3117354 3121496 3131496 3141496 3272919 3277061 3287061 3248777 3238777 3234634
-9999 -9999 -9999 -9999 -9999 -9999 -9999 -9999 -9999 4389318 4379318 4375176 4345176 4341034 4331034 4335176 4296892 4278608 4268608 4258608 4254466 4244466 4234466 4224466 4220324 4224466 4177898 4167898 4143755 4139613 4115471 4105471 4115471 4071329 4075471 4071329 4075471 3395346 3385346 3381203 3385346 3375346 3357061 3347061 3337061 3327061 3322919 3312919 3308777 3312919 3322919 3332919 3357061 3367061 3377061 3381203 3155639 3145639 3135639 3131496 3141496 3131496 3141496 3272919 3262919 3258777 3234634 3230492 3220492 3224634
-9999 -9999 -9999 -9999 -9999 -9999 -9999 -9999 -9999 4393460 4389318 4385176 4355176 4345176 4341034 4345176 4306892 4282750 4278608 4268608 4264466 4254466 4244466 4248608 4258608 4177898 4167898 4157898 4167898 4101329 4091329 4101329 4111329 4061329 4057186 4061329 4071329 4061329 3395346 3391203 3395346 3371203 3361203 3357061 3347061 3337061 3327061 3322919 3327061 3322919 3332919 3337061 3347061 3357061 3367061 3377061 3159781 3155639 3145639 3141496 3145639 3155639 3145639 3155639 3258777 3248777 3244634 3220492 3210492 3220492
-9999 -9999 -9999 -9999 -9999 -9999 -9999 -9999 -9999 -9999 4399318 4409318 4365176 4355176 4359318 4355176 4316892 4321034 4308608 4298608 4288608 4278608 4268608 4258608 4268608 4182040 4177898 4167898 4101329 4091329 4081329 4077186 4087186 4051329 4047186 4043044 4047186 4057186 4038902 4043044 4053044 3375346 3371203 3367061 3357061 3367061 3337061 3389488 3379488 3361203 3351203 3347061 3357061 3367061 3377061 3387061 3411203 3415346 3155639 3151496 3155639 3159781 3291203 3272919 3262919 3258777 3234634 3216350 3206350 3196350
-9999 -9999 -9999 -9999 -9999 -9999 -9999 -9999 -9999 -9999 -9999 -9999 4375176 4365176 4341034 4331034 4326892 4322750 4312750 4308608 4298608 4282750 4272750 4268608 4272750 4192040 4125471 4115471 4111329 4095471 4091329 4067186 4077186 4053044 4037186 4033044 4043044 4024760 4028902 4038902 4057186 3391203 3381203 3371203 3367061 3371203 3381203 3385346 3375346 3365346 3361203 3365346 3367061 3397061 3387061 3391203 3401203 3411203 3165639 3325346 3315346 3311203 3301203 3277061 3258777 3248777 3244634 3254634 3216350 3206350
