SiB2_DBHM_derive_trans/DBHModel/MODEL/GEO_INPUT_DATA/dis.asc
ncols         221
nrows         126
xllcorner     -457500 
yllcorner     -1500500
cellsize      10000
NODATA_value  -9999
[rows 62 to 92 of 126, columns 70 to 139 of 221]
2977354 2967354 2963212 2959070 2963212 2729363 2725220 2686936 2682794 2672794 2662794 2652794 2642794 2632794 2616936 2626936 2622794 2626936 2602794 2606936 2616936 2641078 2608651 2564509 2554509 2544509 2554509 2544509 2548651 2558651 2582794 2641078 2532082 2527940 2537940 1585096 1575096 1565096 1546812 1536812 1526812 1536812 1444386 1440244 1430244 1420244 1396101 1386101 1376101 1371959 1361959 1366101 1447817 1437817 1433675 1423675 1413675 1389533 1379533 1375391 1357106 1347106 1337106 1327106 1322964 1327106 1282964 1258822 1248822 1258822
2987354 2963212 2953212 2949070 2953212 2963212 2882501 2878358 2686936 2676936 2666936 2656936 2646936 2642794 2626936 2636936 2632794 2622794 2612794 2616936 2621078 2631078 2598651 2588651 2578651 2568651 2558651 2554509 2558651 2568651 2578651 2631078 2626936 2631078 2646936 1589238 1579238 1526812 1516812 1512670 1516812 1526812 1502670 1484386 1434386 1430244 1406101 1381959 1371959 1361959 1351959 1347817 1357817 1361959 1451959 1427817 1423675 1399533 1375391 1365391 1347106 1337106 1327106 1317106 1312964 1302964 1292964 1268822 1258822 1234680
2977354 2967354 2949070 2939070 2943212 2953212 2878358 2868358 2691078 2681078 2671078 2666936 2656936 2646936 2636936 2646936 2671078 2675220 2685220 2626936 2631078 2641078 2602794 2592794 2582794 2578651 2568651 2572794 2568651 2572794 2582794 2606936 2616936 2626936 2636936 1536812 1526812 1522670 1512670 1502670 1512670 1522670 1492670 1480243 1470243 1480243 1470243 1386101 1381959 1357817 1347817 1337817 1347817 1323675 1333675 1337817 1399533 1389533 1379533 1361249 1351249 1347106 1337106 1312964 1302964 1292964 1282964 1272964 1234680 1224680
2973212 2977354 2939070 2929070 2924927 2920785 2916643 2858358 2854216 2691078 2681078 2671078 2661078 2656936 2646936 2651078 2661078 2671078 2689363 2713505 2717647 2651078 2612794 2596936 2612794 2602794 2592794 2582794 2592794 2582794 2592794 2602794 2612794 2622794 2646936 1546812 1536812 1512670 1502670 1492670 1488528 1478528 1482670 1478528 1460243 1456101 1460243 1464386 1391959 1361959 1357817 1347817 1323675 1313675 1323675 1299533 1289533 1279533 1283675 1365391 1361249 1357106 1361249 1317106 1312964 1302964 1292964 1234680 1224680 1214680
2963212 2973212 2949070 2924927 2914927 2910785 2906643 2848358 2844216 2828358 2691078 2681078 2671078 2661078 2656936 2661078 2665220 2675220 2685220 2703505 2713505 2729363 2622794 2626936 2616936 2606936 2596936 2592794 2596936 2592794 2596936 2606936 2631078 2641078 1560954 1536812 1526812 1516812 1506812 1488528 1478528 1468528 1464386 1468528 1450243 1446101 1450243 1454386 1458528 1331959 1361959 1337817 1333675 1323675 1299533 1289533 1279533 1269533 1265391 1261249 1265391 1278822 1268822 1258822 1248822 1238822 1234680 1238822 1214680 1204680
2939070 2934927 2939070 2906643 2896643 2900785 2896643 2838358 2834216 2818358 2695220 2685220 2675220 2671078 2689363 2679363 2675220 2679363 2689363 2699363 2709363 2719363 2729363 2631078 2621078 2616936 2621078 2611078 2606936 2616936 2606936 2616936 2626936 2636936 1570954 1532670 1522670 1512670 1502670 1492670 1488528 1464386 1454386 1464386 1446101 1436101 1446101 1444386 1454386 1327817 1317817 1327817 1337817 1313675 1309533 1299533 1289533 1265391 1255391 1251249 1261249 1282964 1272964 1268822 1258822 1234680 1224680 1214680 1204680 1194680
2929070 2924927 2929070 2939070 2892501 2882501 2886643 2828358 2824216 2808358 2804216 2771789 2761789 2757647 2727647 2723505 2713505 2689363 2693505 2703505 2713505 2723505 2733505 2635220 2631078 2626936 2625220 2621078 2651078 2626936 2616936 2626936 2636936 2646936 1557523 1547523 1537523 1533380 1512670 1502670 1478528 1454386 1444386 1454386 1438528 1426101 1430243 1434386 1430243 1440243 1307817 1303675 1307817 1323675 1313675 1309533 1279533 1275391 1251249 1241249 1251249 1255391 1282964 1272964 1248822 1238822 1228822 1218822 1194680 1184680
2924927 2914927 2924927 2934927 2882501 2872501 2868358 2872501 2814216 2804216 2794216 2790074 2751789 2747647 2737647 2713505 2703505 2699363 2709363 2707647 2737647 2747647 2765932 2645220 2641078 2651078 2641078 2631078 2646936 2636936 2626936 2636936 2646936 2651078 1547523 1551665 1533380 1523380 1482670 1472670 1454386 1444386 1434386 1424386 1420243 1416101 1420243 1416101 1426101 1436101 1303675 1293675 1289533 1279533 1269533 1273675 1249533 1251249 1241249 1231249 1241249 1251249 1241249 1262964 1252964 1242964 1204680 1194680 1184680 1174680
2914927 2904927 2914927 2904927 2866643 2862501 2858358 2862501 2810074 2800074 2790074 2780074 2747647 2737647 2727647 2737647 2713505 2709363 2713505 2723505 2741789 2751789 2761789 2814216 2818358 2655220 2645220 2641078 2651078 2646936 2636936 2646936 2656936 2675220 1543380 1533380 1537523 1519238 1509238 1468528 1458528 1448528 1444386 1420243 1410243 1406101 1401959 1406101 1430243 1440243 1307817 1289533 1279533 1269533 1259533 1255391 1239533 1235391 1245391 1241249 1217107 1227107 1231249 1235391 1257106 1218822 1208822 1198822 1188822 1170538
2904927 2894927 2890785 2880785 2884927 2852501 2848358 2852501 2828358 2790074 2780074 2775932 2765932 2741789 2751789 2747647 2751789 2727647 2723505 2727647 2737647 2747647 2800074 2804216 2814216 1703380 2681078 2671078 2661078 2651078 2646936 2651078 2661078 2679363 2709363 1529238 1519238 1509238 1499238 1495096 1470954 1466812 1434386 1430243 1420243 1396101 1391959 1401959 1406101 1416101 1426101 1293675 1289533 1265391 1255391 1245391 1241249 1225391 1221249 1217107 1207107 1217107 1221249 1231249 1232964 1222964 1218822 1194680 1184680 1160538
2909070 2890785 2880785 2870785 2866643 2862501 2838358 2828358 2818358 2822501 2775932 2765932 2755932 2765932 2755932 2765932 2795932 2791789 2747647 2737647 2747647 2765932 2790074 2800074 2818358 1693380 1703380 2675220 2671078 2661078 2671078 2661078 2665220 2675220 2699363 1533380 1523380 1513380 1495096 1485096 1466812 1456812 1452670 1420243 1410243 1391959 1381959 1391959 1401959 1411959 1401959 1411959 1279533 1269533 1251249 1241249 1231249 1221249 1211249 1207107 1197107 1207107 1217107 1235391 1237106 1232964 1228822 1150538 1140538 1164680
2904927 2894927 2890785 2866643 2856643 2852501 2828358 2818358 2808358 2818358 2794216 2770074 2765932 2775932 2780074 2810074 2791789 2781789 2751789 2747647 2751789 2761789 2780074 2790074 1679238 1689238 1679238 1675096 1662670 2685220 2675220 2671078 2675220 2685220 1533380 1523380 1519238 1489238 1490954 1480954 1470954 1452670 1442670 1424386 1406101 1396101 1391959 1367817 1377817 1387817 1391959 1401959 1411959 1265391 1255391 1245391 1241249 1217107 1207107 1197107 1187107 1197107 1201249 1211249 1221249 1242964 1238822 1140538 1136396 1126396
2914927 2919070 2880785 2870785 2866643 2842501 2852501 2828358 2804216 2794216 2784216 2780074 2775932 2785932 2804216 2814216 2781789 2771789 2761789 2765932 2761789 2765932 2775932 2794216 1680954 1665096 1660954 1665096 1652670 2689363 2685220 2695220 2685220 2695220 1523380 1513380 1509238 1485096 1475096 1470954 1466812 1456812 1452670 1428528 1438528 1371959 1367817 1357817 1367817 1377817 1387817 1386101 1416101 1269533 1265391 1229533 1219533 1215391 1211249 1187107 1177107 1187107 1191249 1201249 1171249 1175391 1146396 1142254 1126396 1116396
2939070 2934927 2876643 2866643 2856643 2866643 2876643 2818358 2814216 2804216 2794216 2790074 2785932 2790074 2800074 2810074 2785932 2775932 2785932 2810074 2771789 2775932 2785932 2852501 1670954 1666812 1650954 1646812 1642670 1652670 2709363 2699363 2695220 2699363 1519238 1509238 1499238 1495096 1470954 1460954 1470954 1432670 1428528 1418528 1422670 1367817 1357817 1347817 1357817 1361959 1371959 1381959 1406101 1410243 1235391 1225391 1215391 1205391 1187107 1177107 1167107 1177107 1167107 1157107 1161249 1171249 1142254 1132254 1122254 1112254
2934927 2924927 2914927 2904927 2866643 2870785 2880785 2890785 2900785 2919070 2804216 2800074 2804216 2800074 2804216 2814216 2790074 2785932 2810074 2800074 2790074 2800074 2810074 2842501 1666812 1656812 1646812 1636812 1632670 1642670 2713505 2709363 2705220 2709363 1523380 1513380 1495096 1485096 1475096 1470954 1446812 1428528 1418528 1408528 1404386 1351959 1347817 1337817 1347817 1357817 1367817 1391959 1396101 1406101 1239533 1243675 1225391 1215391 1191249 1167107 1157107 1152964 1162964 1147107 1142964 1138822 1134680 1116396 1106396 1102254
2924927 2914927 2904927 2894927 2884927 2894927 2904927 2894927 2904927 2914927 2933212 2818358 2814216 2810074 2814216 2810074 2800074 2795932 2820074 2810074 2800074 2810074 2828358 2838358 1636812 1626812 1622670 1626812 1622670 1632670 1642670 1520954 1510954 1537523 1482670 1478528 1468528 1495096 1485096 1430243 1420243 1410243 1400243 1390243 1394386 1347817 1337817 1327817 1337817 1361959 1371959 1381959 1391959 1410243 1257817 1239533 1229533 1211249 1201249 1171249 1152964 1142964 1138822 1128822 1132964 1128822 1124680 1086396 1102254 1092254
2934927 2924927 2914927 2899070 2894927 2904927 2909070 2904927 2909070 2919070 2929070 2947354 2844216 2834216 2824216 2814216 2810074 2834216 2824216 2814216 2810074 2814216 2824216 2842501 1632670 1622670 1612670 1608528 1612670 1642670 1646812 1656812 1506812 1496812 1478528 1468528 1458528 1448528 1444386 1434386 1410243 1400243 1390243 1380243 1376101 1337817 1327817 1317817 1327817 1337817 1321959 1386101 1396101 1346101 1225391 1243675 1239533 1215391 1211249 1158822 1148822 1138822 1128822 1118822 1114680 1118822 1114680 1082254 1072254 1068112
2933212 2923212 2913212 2909070 2913212 2909070 2919070 2923212 2919070 2923212 2933212 2943212 2953212 2838358 2834216 2858358 2848358 2838358 2828358 2824216 2828358 2824216 2828358 1618528 1636812 1626812 1608528 1598528 1608528 1612670 1608528 1612670 1502670 1492670 1482670 1478528 1468528 1444386 1434386 1424386 1434386 1370243 1366101 1361959 1366101 1321959 1317817 1307817 1317817 1307817 1317817 1327817 1331959 1341959 1215391 1211249 1207106 1211249 1207106 1157106 1152964 1148822 1138822 1114680 1104680 1100538 1104680 1072254 1068112 1058112
2937354 2927354 2923212 2919070 2923212 2933212 2943212 2995639 2937354 2933212 2937354 2947354 2971496 2981496 2872501 2862501 2858358 2842501 2838358 2834216 2838358 2842501 1618528 1608528 1598528 1594386 1598528 1588528 1584386 1594386 1598528 1608528 1506812 1496812 1512670 1482670 1478528 1448528 1444386 1434386 1438528 1366101 1356101 1351959 1341959 1317817 1307817 1297817 1293675 1303675 1307817 1317817 1327817 1297817 1211249 1201249 1197106 1201249 1197106 1152964 1142964 1132964 1128822 1110538 1100538 1090538 1100538 1062254 1058112 1048112
2981496 2957354 2947354 2937354 2933212 2943212 2947354 2985639 2967354 2957354 2947354 2957354 2967354 2985639 1668528 2872501 1642670 1632670 1628528 1632670 1642670 1652670 1622670 1604386 1594386 1584386 1574386 1570243 1574386 1584386 1594386 1572670 1582670 1518528 1508528 1498528 1480243 1470243 1460243 1456101 1451959 1361959 1351959 1341959 1331959 1321959 1311959 1293675 1283675 1293675 1283675 1279533 1283675 1293675 1201249 1191249 1187106 1191249 1187106 1162964 1158822 1122964 1118822 1094680 1090538 1080538 1090538 1058112 1048112 1038112
2971496 2961496 2951496 2947354 2943212 2947354 2957354 2981496 2971496 2967354 2957354 2967354 2971496 2981496 1658528 1654386 1658528 1628528 1618528 1628528 1618528 1594386 1598528 1594386 1604386 1594386 1570243 1560243 1570243 1560243 1558528 1562670 1572670 1582670 1504386 1494386 1484386 1474386 1456101 1446101 1441959 1366101 1356101 1351959 1341959 1323675 1313675 1303675 1293675 1269533 1279533 1269533 1265391 1275391 1197106 1187106 1177106 1172964 1177106 1158822 1148822 1112964 1108822 1090538 1080538 1070538 1080538 1048112 1038112 1028112
2981496 2971496 2975639 2957354 2953212 2957354 2967354 2985639 2981496 2977354 2967354 2977354 1668528 1664386 1654386 1644386 1634386 1638528 1628528 1604386 1594386 1590243 1580243 1584386 1560243 1556101 1546101 1550243 1546101 1550243 1548528 1558528 1548528 1558528 1460243 1456101 1446101 1436101 1431959 1436101 1431959 1427817 1371959 1361959 1337817 1327817 1323675 1307817 1303675 1279533 1255391 1251249 1261249 1265391 1192964 1182964 1172964 1162964 1158822 1154680 1138822 1134680 1098822 1080538 1070538 1060538 1056396 1038112 1028112 1018112
2999781 2989781 2999781 2967354 2971496 2981496 2977354 2995639 2997354 2987354 2977354 2987354 1664386 1654386 1644386 1634386 1624386 1620243 1610243 1614386 1590243 1580243 1570243 1566101 1556101 1546101 1541959 1531959 1536101 1546101 1538528 1534386 1544386 1534386 1456101 1446101 1441959 1431959 1421959 1426101 1413675 1417817 1361959 1351959 1361959 1331959 1321959 1317817 1293675 1261249 1251249 1241249 1251249 1227106 1231249 1227106 1168822 1158822 1148822 1144680 1148822 1124680 1120538 1084680 1066396 1056396 1046396 1028112 1018112 1008112
3003923 2999781 3003923 3013923 3023923 2991496 2987354 3019781 3001496 2991496 2987354 2991496 1668528 1658528 1654386 1630243 1620243 1610243 1600243 1610243 1614386 1576101 1566101 1556101 1551959 1541959 1531959 1521959 1531959 1536101 1548528 1524386 1520243 1524386 1460243 1441959 1431959 1421959 1411959 1407817 1403675 1407817 1411959 1361959 1366101 1336101 1331959 1336101 1275391 1265391 1261249 1251249 1227106 1217106 1227106 1217106 1207106 1168822 1144680 1134680 1144680 1114680 1110538 1080538 1076396 1066396 1042254 1032254 1028112 1003969
3033923 3023923 3013923 3023923 3033923 3043923 3025639 3015639 3005639 3007354 2997354 3007354 1672670 1668528 1672670 1634386 1630243 1600243 1590243 1600243 1610243 1566101 1561959 1546101 1541959 1546101 1521959 1511959 1521959 1531959 1510243 1506101 1510243 1520243 1530243 1446101 1427817 1417817 1407817 1397817 1393675 1397817 1407817 1371959 1376101 1329533 1325391 1309533 1305391 1301249 1285391 1241249 1237106 1207106 1202964 1192964 1197106 1158822 1148822 1124680 1120538 1110538 1100538 1090538 1066396 1056396 1046396 1056396 1038112 1013969
3038065 3033923 3023923 3033923 3163923 3139781 3143923 3025639 3015639 3017354 3007354 3017354 3021496 1664386 1654386 1644386 1654386 1604386 1600243 1576101 1571959 1561959 1551959 1541959 1531959 1521959 1511959 1501959 1491959 1496101 1491959 1496101 1506101 1516101 1526101 1433675 1431959 1421959 1411959 1393675 1383675 1393675 1389533 1365391 1335391 1331249 1315391 1305391 1295391 1291249 1275391 1271249 1227106 1202964 1192964 1182964 1192964 1168822 1144680 1134680 1110538 1100538 1090538 1080538 1070538 1080538 1056396 1060538 1048112 1023969
3188065 3178065 3153923 3149781 3153923 3129781 3125639 3129781 3037354 3027354 3017354 3027354 3051496 1668528 1658528 1654386 1601959 1591959 1581959 1571959 1561959 1551959 1541959 1531959 1521959 1511959 1501959 1491959 1481959 1491959 1481959 1457817 1467817 1423675 1419533 1423675 1419533 1426101 1379533 1369533 1365391 1369533 1379533 1355391 1325391 1321249 1305391 1301249 1291249 1281249 1291249 1261249 1217106 1207106 1202964 1172964 1168822 1158822 1134680 1124680 1114680 1110538 1100538 1090538 1080538 1084680 1094680 1096396 1100538 1056396
3178065 3168065 3163923 3139781 3135639 3125639 3115639 3105639 3095639 3037354 3027354 3037354 3061496 3065639 1634386 1616101 1606101 1596101 1586101 1581959 1571959 1561959 1551959 1541959 1531959 1521959 1511959 1501959 1477817 1467817 1463675 1447817 1457817 1419533 1409533 1405391 1395391 1399533 1369533 1359533 1355391 1359533 1341249 1345391 1315391 1311249 1295391 1291249 1281249 1271249 1281249 1251249 1227106 1217106 1187106 1168822 1158822 1148822 1138822 1134680 1124680 1120538 1124680 1114680 1090538 1094680 1096396 1086396 1096396 1046396
3182208 3178065 3153923 3135639 3125639 3115639 3105639 3095639 3085639 3095639 3037354 3041496 3051496 3061496 1630243 1620243 1610243 1606101 1596101 1600243 1581959 1571959 1576101 1560243 1536101 1526101 1516101 1491959 1487817 1463675 1453675 1443675 1433675 1423675 1405391 1395391 1385391 1381249 1371249 1355391 1345391 1341249 1331249 1321249 1311249 1301249 1291249 1281249 1265391 1261249 1257106 1241249 1222964 1212964 1202964 1172964 1168822 1158822 1148822 1152964 1162964 1201249 1211249 1124680 1134680 1104680 1086396 1076396 1066396 1056396
3178065 3168065 3178065 3145639 3135639 3125639 3115639 3105639 3081496 3071496 3061496 3051496 3061496 3065639 3075639 1630243 1634386 1610243 1606101 1610243 1600243 1590243 1560243 1550243 1540243 1536101 1506101 1501959 1477817 1473675 1463675 1453675 1443675 1433675 1415391 1405391 1381249 1371249 1361249 1351249 1341249 1331249 1321249 1311249 1301249 1291249 1281249 1271249 1267106 1251249 1247106 1231249 1212964 1202964 1192964 1182964 1178822 1182964 1167106 1162964 1167106 1191249 1201249 1211249 1138822 1086396 1076396 1066396 1056396 1046396
3182208 3178065 3182208 3192208 3145639 3129781 3119781 3095639 3091496 3081496 3071496 3061496 3065639 3075639 3079781 3118065 1624386 1620243 1624386 1620243 1610243 1600243 -9999 -9999 -9999 -9999 -9999 1511959 1487817 1477817 1473675 1477817 -9999 -9999 -9999 1395391 1391249 1381249 1371249 1361249 1351249 1341249 1331249 1321249 1311249 1301249 1291249 1267106 1257106 1247106 1237106 1227106 1217106 1212964 1202964 1192964 1197106 1207106 1217106 1227106 1177106 1187106 1211249 1215391 1225391 -9999 -9999 -9999 1066396 1056396
