SiB2_DBHM_derive_trans/DBHModel/MODEL/GEO_INPUT_DATA/irriratio.asc
ncols         221
nrows         126
xllcorner     -457500
yllcorner     -1500500
cellsize      10000
NODATA_value  -9999
[rows 56 to 83 of 126, columns 63 to 125 of 221]
0.075208 14.23662 14.23662 14.23662 14.23662 14.23662 14.23662 14.23662 14.23662 4.191474 4.191474 4.191474 4.191474 4.191474 4.191474 4.191474 0.098654 0.098654 0.098654 0.098654 0.098654 0.098654 0.098654 0.098654 0.098654 0.098654 0.098654 0.098654 3.749199 3.749199 3.749199 7.304182 7.304182 7.304182 7.304182 7.304182 14.98294 14.98294 14.98294 5.164151 5.164151 0.39377 0.39377 0.39377 0.39377 0.39377 0.39377 0.802471 0.802471 0.802471 0.802471 0.802471 0.802471 0.802471 0.802471 0.802471 2.00934 2.00934 2.00934 2.00934 2.00934 2.00934 2.00934
14.23662 14.23662 14.23662 14.23662 14.23662 0.519288 14.23662 14.23662 4.191475 4.191475 4.191475 4.191475 4.191475 4.191475 4.191475 4.191475 4.191475 0.098654 0.098654 0.098654 0.098654 0.098654 0.098654 0.098654 0.098654 3.749199 3.749199 3.749199 3.749199 3.749199 3.749199 7.304182 7.304182 7.304182 7.304183 7.304183 1.512182 1.512182 1.512182 1.512182 0.39377 0.39377 0.39377 0.39377 0.39377 0.39377 0.39377 0.802472 0.802472 0.802472 0.802472 0.802472 0.802472 0.802472 0.802472 0.802472 0.31833 0.31833 2.00934 2.00934 2.00934 2.00934 0.506461
1.272807 0.519288 0.519288 0.519288 0.519288 0.519288 14.23662 14.23662 4.191475 4.191475 4.191475 4.191475 4.191475 4.191475 4.191475 4.191475 3.881935 3.881935 3.881935 0.098654 0.098654 3.749199 3.749199 3.749199 3.749199 3.749199 3.749199 3.749199 3.749199 3.749199 3.749199 3.749199 7.304183 7.304183 7.304183 1.512182 1.512182 1.512182 1.512182 1.512182 1.512182 0.39377 0.39377 0.39377 0.39377 0.39377 0.39377 0.802471 0.802471 0.802471 0.802471 0.802471 0.802471 0.802471 0.802471 0.802471 0.31833 0.31833 2.00934 2.00934 2.00934 2.00934 0.506462
1.272807 0.519288 0.519288 0.519288 0.519288 0.519288 14.23662 4.191475 4.191475 4.191475 4.191475 4.191475 4.191475 4.191475 4.191475 4.191474 3.881935 3.881935 3.881935 3.881935 3.881935 3.881935 3.881935 3.881935 3.881935 3.749199 3.749199 3.749199 3.749199 3.749199 3.749199 3.749199 3.7492 7.304183 1.512182 1.512182 1.512182 1.512182 1.512182 1.512182 1.512182 1.512182 0.39377 0.39377 0.39377 0.39377 0.39377 0.39377 0.802471 0.802471 0.802471 0.31833 0.802471 0.802471 0.802471 0.31833 0.31833 0.31833 0.31833 2.00934 2.00934 0.28702 0.506461
1.272807 1.272807 1.272807 0.519288 0.519288 0.519288 0.519288 4.191474 4.191474 4.191474 4.191474 4.191474 4.191474 4.191475 4.191475 4.191475 3.881935 3.881935 3.881935 3.881935 3.881935 3.881935 3.881935 3.881935 3.7492 3.7492 3.7492 3.7492 3.7492 3.7492 3.7492 1.512182 7.304182 7.304182 1.512182 1.512182 1.512182 1.512182 1.512182 1.512182 1.512182 1.512182 0.39377 0.39377 0.39377 0.39377 0.39377 0.802471 0.802471 0.802471 0.802471 0.31833 0.31833 0.802471 0.31833 0.31833 0.31833 0.31833 2.00934 2.00934 0.28702 0.28702 0.506462
1.272807 1.272807 1.272807 0.519288 0.519288 0.519288 0.519288 0.519288 4.191475 0.519288 0.519288 0.519288 0.519288 4.191474 4.191474 3.881935 3.881935 3.881935 3.881935 3.881935 3.881935 3.881935 3.881935 5.020654 5.020654 5.020654 3.749199 3.749199 3.749199 3.749199 3.749199 3.749199 1.512182 1.512182 1.512182 1.512182 1.512182 1.512182 1.512182 1.512182 1.512182 1.512182 0.39377 0.272092 0.272092 0.272092 0.272092 0.802471 0.802471 0.802471 0.802471 0.31833 0.31833 0.31833 0.31833 0.31833 0.31833 0.31833 0.28702 0.28702 0.28702 0.28702 0.28702
1.272807 1.272807 1.272807 1.272807 1.272807 0.519288 0.519288 0.519288 0.519288 0.519288 0.519288 0.519288 0.519288 0.519288 0.519288 3.881935 3.881935 3.881935 3.881935 3.881935 3.881935 5.020654 5.020654 5.020654 5.020654 5.020654 3.749199 3.749199 3.749199 3.749199 1.512182 1.512182 1.512182 1.512182 1.512182 1.512182 1.512182 1.512182 1.512182 1.512182 1.512182 1.512182 0.272092 0.272092 0.272092 0.272092 0.272092 0.272092 0.802471 0.802471 0.802471 0.802471 0.31833 0.31833 0.31833 0.31833 0.31833 0.28702 0.28702 0.28702 0.28702 0.28702 0.28702
1.272807 1.272807 1.272807 1.272807 1.272807 1.272807 0.519288 0.519288 0.519288 0.519288 0.519288 3.078591 0.519288 0.519288 3.078591 3.881935 3.881935 3.881935 3.881935 3.881935 3.881935 5.020654 5.020654 5.020654 5.020654 5.020654 5.020654 5.020654 5.020654 1.603 1.603 1.512182 1.512182 1.512182 1.512182 1.512182 1.512182 1.512182 1.512182 1.512182 1.512182 0.272092 0.272092 0.272092 0.272092 0.272092 0.272092 0.272092 0.272092 0.272092 0.802471 0.802471 0.31833 0.31833 0.31833 0.31833 0.31833 0.28702 0.28702 0.28702 0.28702 0.28702 0.506461
4.320088 4.320088 4.320088 4.320088 4.320088 0.519288 0.519288 0.519288 0.519288 0.519288 0.519288 3.078591 0.519288 0.519288 0.519288 3.881935 3.881935 3.881935 3.881935 3.881935 3.881935 5.020654 5.020654 5.020654 5.020654 5.020654 5.020654 5.020654 5.020654 1.602999 1.602999 1.602999 1.602999 1.602999 1.602999 1.602999 1.512182 1.512182 1.512182 1.512182 1.512182 1.512182 0.272092 0.272092 0.272092 0.272092 0.272092 0.272092 0.272092 0.272092 0.214387 0.214387 0.214387 0.31833 0.31833 0.31833 0.28702 0.28702 0.28702 0.28702 0.28702 0.28702 0.506462
4.320088 4.320088 4.320088 4.320088 4.320088 4.320088 0.519288 0.519288 0.519288 3.078591 3.078591 3.078591 0.519288 0.519288 0.519288 3.881935 3.881935 3.881935 3.881935 3.881935 3.881935 3.881935 5.020654 5.020654 5.020654 4.044798 5.020654 5.020654 5.020654 5.020654 1.603 1.603 1.603 1.603 1.603 1.603 1.603 1.512182 1.512182 1.512182 1.512182 0.272092 0.272092 0.272092 0.272092 0.272092 0.272092 0.272092 0.272092 0.272092 0.272092 0.214387 0.214387 0.214387 0.31833 0.31833 0.28702 0.28702 0.28702 0.28702 0.28702 0.28702 0.692401
4.320088 4.320088 4.320088 4.320088 3.235998 4.320088 4.320088 0.519288 3.078591 3.078591 3.078591 3.078591 3.078591 3.078591 3.078591 3.881935 3.938889 3.938889 3.881935 3.881935 3.881935 3.881935 4.044798 5.020654 4.044798 4.044798 4.044798 4.044798 4.044798 5.020654 1.602999 1.602999 1.602999 1.602999 1.602999 1.602999 1.602999 1.512182 1.512182 1.512182 0.272092 0.272092 0.272092 0.272092 0.272092 0.272092 0.272092 0.272092 0.272092 0.272092 0.272092 0.272092 0.214387 0.214387 0.214387 0.214387 0.214387 0.28702 0.28702 0.28702 0.28702 0.28702 0.692401
4.320088 4.320088 4.320088 4.320088 3.235998 3.235998 0.519288 3.078591 3.078591 3.078591 3.078591 3.078591 3.078591 3.078591 3.078591 3.078591 3.938889 3.938889 3.938889 4.044964 4.044964 5.020654 5.020655 5.020655 5.020655 5.020655 5.020655 4.044798 4.044798 4.044798 1.603 1.603 1.603 1.603 1.603 1.603 1.603 4.209382 4.209382 4.209382 0.272092 0.272092 0.272092 0.272092 0.272092 0.272092 0.272092 0.272092 0.272092 0.272092 0.272092 0.214387 0.214387 0.214387 0.214387 0.214387 0.214387 0.214387 0.214387 0.214387 0.28702 0.692401 0.692401
4.320088 4.320088 3.235998 3.235998 3.235998 3.235998 3.235998 3.078591 3.078591 3.078591 3.078591 3.078591 3.078591 3.078591 3.078591 3.078591 3.938889 3.938889 3.938889 4.044965 4.044965 4.044965 5.020654 5.020654 5.020654 5.020654 5.020654 4.044798 4.044798 4.044798 1.602999 1.602999 1.602999 1.602999 1.602999 1.602999 4.209382 4.209382 4.209382 4.209382 4.209382 0.272092 0.272092 0.272092 0.272092 0.272092 0.272092 0.272092 0.272092 0.272092 0.272092 0.214387 0.214387 0.214387 0.214387 0.214387 0.214387 0.214387 0.214387 0.479616 0.601863 0.601863 0.601863
3.615725 4.320088 3.235998 3.235998 3.235998 3.235998 3.235998 0.519288 3.078591 3.078591 3.078591 3.078591 3.078591 3.078591 3.078591 3.078591 3.938889 3.938889 3.938889 3.938889 3.938889 3.938889 5.020654 5.020654 5.020654 5.020654 5.020654 5.020654 5.020654 4.044798 4.044798 1.603 1.603 1.603 1.603 1.603 1.603 4.209383 4.209383 4.209383 4.209383 0.272092 0.272092 0.272092 0.272092 0.272092 0.272092 0.272092 0.272092 0.272092 0.272092 0.272092 0.214387 0.214387 0.214387 0.214387 0.214387 0.214387 0.479616 0.479616 0.479616 0.601863 0.601863
3.615725 3.615725 3.235998 3.235998 3.235998 3.235998 3.235998 3.078591 6.098221 3.078591 3.078591 3.078591 3.078591 3.078591 3.078591 3.078591 3.938889 3.938889 3.938889 3.938889 3.938889 3.938889 6.123095 5.020655 5.020655 5.020655 5.020655 5.020655 5.020655 2.769185 2.769185 1.603 1.603 1.603 1.602999 1.602999 1.602999 4.209382 4.209382 4.209382 4.209382 0.272092 0.272092 0.272092 0.272092 0.272092 0.272092 0.272092 0.272092 0.521312 0.521312 0.521312 0.214387 0.214387 0.214387 0.214387 0.479616 0.479616 0.479616 0.479616 0.479616 0.601863 0.601863
3.615725 3.235998 3.235998 3.235998 3.235998 3.235998 3.235998 4.990624 6.098222 3.078591 3.078591 3.078591 3.078591 3.078591 3.078591 3.078591 3.938889 3.938889 3.938889 3.938889 6.123095 6.123095 6.123095 5.020655 5.020655 5.020655 2.769186 2.769186 2.769186 2.769186 2.769186 2.769186 1.602999 1.602999 1.602999 1.602999 1.602999 4.209382 4.209382 4.209382 4.209382 1.777037 1.777037 1.777037 2.162834 2.162834 0.272092 0.272092 0.272092 0.521312 0.521312 0.521312 0.521312 0.521312 0.521312 0.479616 0.479616 0.479616 0.479616 0.479616 0.479616 0.601863 0.601863
3.615726 3.615726 3.235998 3.235998 3.235998 4.990624 4.990624 4.990624 4.990624 6.098221 6.098221 6.098221 3.078591 3.078591 6.098221 3.938889 3.938889 3.938889 3.938889 3.938889 3.938889 6.123094 6.123094 5.020654 5.020654 2.769186 2.769186 2.769186 2.769186 2.769186 2.769186 2.769186 1.964049 1.964049 1.964049 1.964049 1.964049 4.209382 4.209382 4.209382 4.209382 1.777037 1.777037 1.777037 1.777037 2.162835 2.162835 2.162835 0.272092 0.521312 0.521312 0.521312 0.521312 0.521312 0.521312 0.479616 0.479616 0.479616 0.479616 0.479616 0.479616 0.601863 0.601863
1.779949 1.779949 1.779949 1.779949 3.235998 4.990624 4.990624 4.990624 4.990624 4.990624 6.098221 6.098221 3.563563 6.098221 6.098221 6.098221 6.098221 6.098221 3.938889 3.938889 6.123094 6.123094 6.123094 6.123094 2.769186 2.769186 2.769186 2.769186 2.769186 2.769186 2.769186 1.964049 1.964049 1.964049 1.964049 1.964049 1.964049 4.209382 4.209382 4.209382 4.209382 1.777037 1.777037 1.777037 1.777037 2.162834 2.162834 2.162834 2.162834 2.162834 0.521312 0.521312 0.521312 0.521312 0.479616 0.479616 0.479616 0.479616 0.479616 0.601863 0.601863 0.601863 0.601863
1.779949 1.779949 1.779949 1.779949 1.779949 1.779949 4.990624 4.990624 4.990624 3.563563 3.563563 3.563563 3.563563 3.563563 3.563563 6.098221 6.098221 6.098221 6.123094 6.123094 6.123094 6.123094 6.123094 6.123094 2.769186 2.769186 2.769186 2.769186 2.769186 2.769186 2.769186 1.964049 1.964049 1.964049 1.964049 1.964049 1.964049 4.209382 4.209382 4.209382 4.209382 1.777037 1.777037 1.777037 2.162834 2.162834 2.162834 2.162834 2.162834 2.162834 0.521312 0.521312 0.521312 0.479616 0.479616 0.479616 2.253286 2.253286 2.253286 0.601863 0.601863 0.601863 0.601863
1.779949 1.779949 1.779949 1.779949 1.779949 1.779949 1.779949 4.990624 4.990624 3.563563 3.563563 3.563563 3.563563 3.563563 3.563563 6.098221 6.098221 6.098221 6.123094 6.123094 6.123094 6.123094 6.123094 2.222715 2.222715 2.769186 2.769186 2.769186 2.769186 2.769186 2.769186 1.964049 1.964049 1.964049 1.964049 1.964049 1.964049 4.209382 4.209382 4.209382 1.777037 1.777037 1.777037 1.777037 1.777037 2.162834 2.162834 2.162834 2.162834 2.162834 2.162834 7.373019 7.373019 7.373019 0.479616 0.479616 0.479616 2.253286 2.253286 2.253286 0.730136 0.730136 0.730136
1.306689 1.779949 1.779949 1.779949 1.779949 1.779949 1.779949 4.990624 4.990624 3.563563 3.563563 3.563563 3.106474 3.106474 6.652068 6.652068 6.652068 6.098221 6.123095 6.123095 6.123095 6.123095 6.123095 2.222715 2.222715 2.222715 2.769186 2.769186 2.769186 2.769186 2.769186 2.769186 1.964049 1.964049 1.964049 1.964049 1.964049 4.209382 4.209382 4.209382 1.777037 4.900658 4.900658 1.777037 2.162834 2.162834 2.162834 2.162834 2.162834 2.162834 2.162834 7.373019 7.373018 7.373018 2.253286 2.253286 2.253286 2.253286 2.253286 2.253286 0.730136 0.730136 0.730136
1.306688 1.306688 1.779949 3.187033 3.187033 3.187033 3.187033 4.045157 4.045157 4.045157 3.563563 3.106474 3.106474 3.106474 3.106474 6.652068 6.652068 6.123095 6.123095 6.123095 6.123095 6.123095 6.123095 2.222715 2.222715 2.222715 2.222715 2.222715 2.769186 2.769186 2.769186 2.769186 2.769186 4.05025 4.05025 1.964049 1.964049 5.790412 5.790412 4.209382 4.209382 4.900658 4.900658 4.900658 4.900658 2.162834 2.162834 2.162834 2.162834 2.162834 2.162834 7.373019 7.373019 2.253286 2.253286 2.253286 2.253286 2.253286 0.802229 0.802229 0.802229 1.938381 0.730136
1.306689 0.648605 3.187033 3.187033 3.187033 3.187033 3.187033 4.045158 4.045158 4.045158 4.045158 10.04027 3.106474 3.106474 3.106474 3.106474 6.652067 6.652067 6.652067 6.123095 6.123095 6.123095 2.222715 2.222715 2.222715 2.222715 2.222715 2.222715 2.769186 2.769186 2.769186 2.769186 2.769186 4.05025 4.05025 1.964049 5.790412 5.790412 5.790412 2.329571 2.329571 4.900658 4.900658 4.900658 4.900658 4.900658 2.162834 2.162834 2.162834 2.162834 3.965961 3.965961 2.253286 2.253286 2.253286 2.253286 2.253286 2.253286 0.802229 0.802229 0.802229 1.938381 1.938381
0.648605 0.648605 0.648605 0.648605 3.187033 3.187033 3.187033 3.187033 4.045157 4.045157 4.045157 46.80282 3.106474 3.106474 3.106474 3.106474 3.106474 6.652067 6.652067 6.652067 6.652067 6.123094 2.222715 2.222715 2.222715 2.222715 2.222715 2.769186 2.769186 2.769186 2.769186 2.769186 4.05025 4.05025 4.05025 4.05025 4.05025 5.790412 5.790412 2.329571 2.329571 2.329571 4.900658 4.900658 4.900658 4.900658 4.900658 4.900658 3.965961 3.965961 3.965961 3.965961 3.965961 2.253286 2.253286 2.253286 0.802229 0.802229 0.802229 0.802229 1.938381 1.938381 6.593462
0.648605 0.648605 0.648605 0.648605 0.648605 0.14888 3.187033 3.187033 10.04027 10.04027 10.04027 10.04027 3.106474 3.106474 3.106474 3.106474 11.55855 11.55855 6.652067 6.652067 6.652067 2.222715 2.222715 2.222715 2.222715 2.222715 2.222715 2.222715 2.769186 2.769186 1.040685 4.05025 4.05025 4.05025 4.05025 4.05025 5.790412 1.641981 1.641981 1.641981 2.329571 2.329571 1.187482 4.900658 4.900658 4.900658 1.822089 1.822089 3.965961 3.965961 3.965961 3.965961 3.965961 7.463501 2.253286 0.802229 0.802229 0.802229 1.938381 1.938381 1.938381 1.938381 6.593462
0.648605 0.648605 0.648605 0.648605 0.648605 0.14888 0.14888 0.14888 10.04027 10.04027 10.04027 10.04027 3.001381 3.001381 11.55854 11.55854 11.55854 11.55854 6.652067 6.652067 6.652068 6.652068 2.193455 2.222715 3.572735 2.222715 3.572735 2.222715 1.040685 1.040685 1.040685 1.040685 4.05025 4.05025 4.05025 4.05025 1.641981 1.641981 1.641981 1.641981 2.329571 1.187482 1.187482 1.187482 4.900658 1.822089 1.822089 1.822089 0.948382 3.965961 0.948382 3.965961 3.965961 7.463501 7.463501 2.621381 2.621381 1.938381 1.938381 1.938381 1.938381 1.938381 6.593462
0.648605 0.648605 0.648605 0.14888 0.14888 0.14888 0.14888 0.14888 0.14888 10.04027 10.04027 3.001382 3.001382 3.001382 11.55854 6.435642 6.435642 6.652068 6.652068 6.652068 2.193455 2.193455 2.193455 3.572735 3.572735 3.572735 3.572735 1.040685 1.040685 1.040685 1.040685 1.040685 1.040685 4.05025 4.05025 4.05025 1.641981 1.641981 1.641981 1.641981 1.641981 1.187482 1.187482 1.187482 1.187482 1.822089 1.822089 0.948382 0.948382 0.948382 0.948382 0.948382 0.948382 7.463501 7.463501 2.621381 2.621381 1.938381 1.938381 1.938381 1.938381 6.593462 6.593462
-9999 0.648605 0.648605 0.648605 0.14888 0.14888 0.14888 0.14888 0.14888 10.04027 10.04027 3.001381 3.001381 3.001381 6.435643 6.435643 6.652067 6.652067 2.193455 6.652067 2.193455 2.193455 2.193455 3.572736 3.572736 3.572736 3.572736 1.040685 1.040685 1.040685 1.040685 1.040685 1.040685 1.040685 4.05025 1.641981 1.641981 1.641981 2.36934 2.36934 1.187482 1.187482 1.187482 1.187482 1.187482 1.822089 3.756764 0.948382 0.948382 0.948382 0.948382 0.948382 0.948382 0.948382 7.463502 2.621381 2.621381 2.621381 2.621381 3.515368 3.515368 3.515368 6.593462
