SiB2_DBHM_derive_trans/DBHModel/MODEL/GEO_INPUT_DATA/irriratio.asc
ncols         221
nrows         126
xllcorner     -457500
yllcorner     -1500500
cellsize      10000
NODATA_value  -9999
[rows 0 to 27 of 126, columns 126 to 188 of 221]
0.274672 0.274672 0.274672 0.274672 0.274672 0.274672 0.274672 0.274672 0.337283 0.337283 0.337283 0.337283 0.337283 0.337283 0.337283 0.337283 0.337283 0.337283 0.337283 0.337283 0.337283 0.337283 0.337283 0.337283 0.337283 0.337283 0.005388 0.005388 0.005388 2.166218 2.166218 2.166218 2.166218 0.35593 0.35593 0.35593 0.35593 1.039615 1.039615 1.039615 1.039615 1.039615 1.039615 0.117909 0.117909 0.117909 1.765556 1.765556 1.765556 1.765556 1.765556 1.260235 1.260235 1.260235 1.260234 1.260234 1.260234 1.260234 1.260234 1.260234 1.260234 1.260234 2.347476
0.274672 0.274672 0.274672 0.274672 0.274672 0.274672 0.274672 0.274672 0.274672 0.337283 0.337283 0.337283 0.337283 0.337283 0.337283 0.337283 0.337283 0.337283 0.337283 0.337283 0.337283 0.337283 0.337283 0.337283 0.337283 0.337283 0.772244 0.772244 2.166218 2.166218 2.166218 2.166218 2.166218 0.35593 0.35593 0.35593 0.35593 1.039615 1.039615 1.039615 1.039615 1.039615 1.039615 0.117909 0.117909 0.117909 1.765556 1.765556 1.765556 1.765556 1.765556 1.260234 1.260234 1.260234 1.260234 1.260234 1.260234 1.260234 1.260234 1.260234 1.260234 1.260234 2.347476
0.274672 0.274672 0.274672 0.274672 0.274672 0.274672 0.274672 0.274672 0.274672 0.274672 0.337283 0.337283 0.337283 0.337283 0.337283 0.337283 0.337283 0.337283 0.337283 0.337283 0.337283 0.337283 0.337283 0.337283 0.337283 0.337283 0.772244 0.772244 2.166218 2.166218 2.166218 2.166218 2.166218 2.166218 2.166218 0.35593 0.35593 1.039615 1.039615 1.039615 1.039615 1.039615 1.039615 0.117909 1.765556 1.765556 1.765556 1.765556 1.765556 1.765556 1.765556 1.765556 1.260234 1.260234 1.260234 1.260234 1.260234 1.260234 1.260234 1.260234 1.260234 1.260234 1.260234
0.274672 0.274672 0.274672 0.274672 0.274672 0.274672 0.274672 0.274672 0.274672 0.274672 0.337283 0.337283 0.337283 0.337283 0.337283 0.337283 0.337283 0.337283 0.337283 0.337283 0.337283 0.337283 0.337283 1.95802 1.95802 1.95802 0.772244 0.772244 0.772244 2.166218 2.166218 2.166218 2.166218 2.166219 2.166219 2.166219 2.166219 2.166219 1.039615 1.039615 1.039615 1.039615 1.765556 1.765556 1.818037 1.818037 1.818037 1.765556 1.765556 1.765556 1.765556 1.765556 1.615134 1.260234 1.260234 1.260234 1.260234 1.260234 1.260235 1.260235 1.260235 1.260235 1.260235
0.274672 0.274672 0.274672 0.274672 0.274672 0.274672 0.274672 0.274672 0.274672 0.274672 0.274672 0.337283 0.337283 0.337283 0.337283 0.337283 0.337283 0.337283 0.337283 0.337283 0.337283 0.337283 0.337283 1.95802 1.95802 0.772244 0.772244 0.772244 0.772244 2.166219 2.166219 2.166219 2.166219 2.166218 2.166218 2.166218 2.166218 2.166218 1.818037 1.818037 1.039615 1.818037 1.818037 1.818037 1.818037 1.818037 1.818037 1.818037 1.765556 1.615134 1.615134 1.765556 1.615134 1.615134 1.615134 1.260235 1.260235 1.260235 1.260235 1.260235 1.260235 1.260235 1.260235
0.274672 0.274672 0.274672 0.274672 0.274672 0.274672 0.274672 0.274672 0.274672 0.274672 0.274672 0.337283 0.337283 0.337283 0.337283 0.337283 0.337283 0.337283 0.337283 0.337283 0.337283 1.95802 1.95802 1.95802 1.95802 0.772244 0.772244 0.772244 0.772244 0.772244 0.772244 2.166218 2.166218 2.166218 2.166218 2.243115 2.243115 1.818037 1.818037 1.818037 1.818037 1.818037 1.818037 1.818037 1.818037 1.818037 1.818037 1.818037 1.615134 1.615134 1.615134 1.615134 1.615134 1.615134 1.615134 1.260235 1.260235 1.260235 1.260234 1.260234 1.260234 1.260234 1.260235
0.274672 0.274672 0.274672 0.274672 0.274672 0.274672 0.274672 0.274672 0.274672 0.274672 0.274672 0.274672 0.337283 0.337283 0.337283 0.337283 0.337283 0.337283 0.337283 0.337283 1.95802 1.95802 1.95802 1.95802 1.95802 1.95802 0.772244 0.772244 0.772244 0.772244 2.166218 2.166218 2.42017 2.166218 2.166218 2.243115 2.243115 2.243115 2.243115 1.818037 1.818037 1.818037 1.818037 1.818037 1.390887 1.390887 1.390887 1.390887 1.390887 1.615134 1.615134 1.615134 1.615134 1.615134 1.615134 1.260234 1.260234 1.260234 6.189543 2.873099 2.873099 1.260235 2.873099
0.274672 0.274672 0.274672 0.274672 0.274672 0.274672 0.274672 0.274672 0.274672 0.274672 0.274672 0.274672 0.274672 0.274672 0.337283 0.337283 0.337283 0.337283 0.337283 0.337283 1.95802 1.95802 1.95802 1.95802 1.95802 1.95802 0.772244 0.772244 0.772244 0.772244 0.772244 2.42017 2.420171 2.420171 2.420171 2.243115 2.243115 2.243115 2.243115 1.818037 1.818037 1.818037 1.818037 1.818037 1.818037 1.390887 1.390887 1.390887 1.390887 1.615134 1.615134 1.615134 1.615134 1.615134 1.615134 1.615134 1.260235 6.189542 6.189542 2.873099 2.873099 2.873099 2.873099
0.274672 0.274672 0.274672 0.274672 0.274672 0.274672 0.274672 0.274672 0.274672 0.274672 0.274672 0.274672 0.274672 0.274672 0.274672 0.337283 0.337283 0.337283 0.337283 1.95802 1.95802 1.95802 1.95802 1.95802 1.95802 1.95802 0.772244 0.772244 0.772244 0.772244 0.772244 2.420171 2.420171 2.420171 2.420171 2.420171 2.243115 2.243115 2.243115 1.818037 1.818037 1.818037 1.818037 1.390887 1.390887 1.390887 1.390887 1.390887 1.390887 1.615134 1.615134 1.615134 1.615134 1.615134 1.615134 1.615134 6.189542 6.189543 6.189543 6.189543 7.417591 2.873099 7.417591
0.274672 0.274672 0.274672 0.274672 0.274672 0.274672 0.274672 0.274672 0.274672 0.274672 0.274672 0.274672 0.274672 0.274672 0.274672 0.337283 0.337283 0.337283 0.337283 1.95802 1.95802 1.95802 1.95802 1.95802 1.95802 1.95802 0.772244 0.772244 0.772244 0.772244 0.772244 4.742962 4.742962 2.420171 2.420171 2.420171 2.243115 2.243115 2.243115 1.818037 1.818037 1.818037 16.45772 16.45772 1.390887 1.390887 1.390887 1.390887 1.615134 1.615134 1.615134 1.615134 1.615134 1.615134 1.615134 1.615134 1.615134 8.05347 6.189542 6.189542 7.417591 7.417591 7.417591
1.227255 1.227255 0.274672 0.274672 0.274672 1.227255 0.274672 0.274672 0.274672 1.000688 0.274672 0.274672 1.000688 0.274672 1.000688 1.000688 1.000688 1.000688 0.337283 2.227931 2.227931 1.95802 1.95802 1.95802 1.95802 2.227931 0.772244 4.742962 4.742962 4.742962 4.742962 4.742962 4.742962 2.42017 2.42017 2.42017 2.420171 2.243115 2.243115 2.243115 16.45772 16.45772 16.45772 16.45772 1.390887 1.390887 1.390887 8.238401 8.238401 1.615134 1.615134 1.615134 1.615134 1.615134 1.615134 8.05347 8.05347 8.05347 6.189543 7.417591 7.417591 7.417591 7.417591
1.227255 1.227255 1.227255 1.227255 1.227255 1.227255 1.227255 1.000688 1.000688 1.000688 1.000688 1.000688 1.000688 1.000688 1.000688 1.000688 1.000688 1.000688 11.60711 2.227931 2.227931 2.227931 2.227931 1.95802 1.95802 2.227931 2.227931 4.742962 4.742962 8.218964 4.742962 4.742962 4.742962 2.420171 2.420171 2.420171 2.420171 2.243115 2.243115 2.243115 16.45772 16.45772 16.45772 16.45772 22.51361 8.238401 8.238401 8.238401 8.238401 8.238401 1.615134 1.615134 1.615134 1.615134 1.615134 8.05347 8.05347 8.05347 6.189543 6.189543 7.417591 7.417592 7.417592
1.227255 1.227255 1.227255 1.227255 1.227255 1.227255 1.227255 1.227255 1.000688 1.000688 1.000688 1.000688 1.000688 1.000688 1.000688 1.000688 1.000688 1.000688 11.6071 11.6071 2.227931 2.227931 2.227931 1.95802 2.227932 2.227932 2.227932 2.227932 4.742962 4.742962 4.742962 4.742962 4.742962 2.420171 2.420171 2.420171 2.420171 2.420171 2.243115 2.243115 16.45772 16.45772 16.45772 8.238401 8.238401 8.238401 22.51362 8.238402 8.238402 8.238402 1.615134 10.25441 8.05347 8.05347 8.05347 8.05347 6.189543 6.189543 6.189543 6.189543 7.417592 7.417591 7.417591
1.227255 1.227255 1.227255 1.227255 1.227255 1.227255 1.227255 1.227255 1.227255 1.000688 1.000688 1.000688 1.000688 1.000688 1.000688 1.000688 1.000688 11.6071 11.6071 11.6071 11.6071 2.227932 2.227932 2.227932 2.227932 2.227932 2.227932 2.227932 4.742962 4.742962 4.742962 4.742962 4.742962 2.420171 2.420171 2.420171 2.420171 2.420171 9.002232 10.59663 10.59663 10.59663 10.59663 8.238402 8.238402 8.238402 8.238402 8.238402 8.238402 10.25441 10.25441 10.25441 8.05347 8.05347 8.05347 8.05347 18.57374 6.189543 6.189543 6.189543 6.189543 7.417591 7.417591
7.60977 1.227255 1.227255 1.227255 1.227255 1.227255 1.227255 1.227255 1.227255 1.000688 1.000688 1.000688 1.000688 1.000688 1.000688 1.000688 1.000688 11.60711 11.60711 11.60711 11.60711 11.60711 2.227932 2.227932 2.227932 2.227932 2.227932 2.227932 4.742962 4.742962 3.112715 3.112715 3.112715 2.420171 2.420171 2.42017 2.42017 9.00223 9.00223 10.59663 10.59663 10.59663 10.59663 10.59663 8.238402 8.238402 8.238401 7.096395 8.238401 10.25441 10.25441 10.25441 10.25441 8.053469 8.053469 8.053469 18.57374 18.57374 6.189543 6.189543 61.08085 61.08085 24.45025
7.609771 1.227255 1.227255 1.227255 1.227255 1.227255 1.227255 1.227255 1.227255 1.000688 1.000688 1.000688 1.000688 18.09881 18.09881 18.09881 18.09881 11.60711 11.60711 11.60711 11.60711 11.60711 2.964715 2.964715 2.227932 2.227932 2.964715 3.112715 3.112715 3.112715 3.112715 3.112715 3.112715 3.112715 3.112715 2.42017 2.42017 9.00223 9.00223 9.00223 10.59663 10.59663 10.59663 10.59663 8.238401 8.238402 7.096395 7.096395 7.096395 7.096395 10.25441 10.25441 10.25441 10.25441 18.57374 18.57374 18.57374 18.57374 18.57374 61.08085 61.08084 61.08084 61.08084
7.609771 7.609771 1.227255 1.227255 1.227255 1.227255 1.227255 1.227255 1.227255 20.87 18.09881 18.09881 18.09881 18.09881 18.09881 18.09881 18.09881 11.60711 11.60711 11.60711 11.60711 2.964715 2.964715 2.964715 2.964715 2.964715 2.964715 2.964715 2.964715 3.112715 3.112715 3.112715 3.112715 3.112715 3.112715 13.32692 13.32692 13.32692 9.002231 9.002231 10.59663 10.59663 10.59663 10.56317 8.238402 8.238401 7.096395 7.096395 7.096395 7.096395 10.25441 10.25441 10.25441 18.57374 18.57374 14.85167 14.85167 18.57374 18.57374 61.08084 61.08084 61.08084 43.88463
7.609771 7.609771 1.227255 1.227255 1.227255 1.227255 1.227255 1.227255 20.87 20.87001 20.87001 18.09881 18.09881 18.09881 18.09881 18.09881 18.09881 18.09881 18.09881 3.442866 3.442866 2.964715 2.964715 2.964715 2.964715 2.964715 2.964715 2.964715 3.112715 3.112715 3.112715 3.112715 3.112715 3.112715 13.32692 13.32692 13.32692 9.002231 9.002231 9.002231 9.002231 9.002231 10.56317 10.56317 8.238401 8.238402 7.096396 7.096396 7.096396 7.096396 7.096395 10.25441 14.85224 14.85224 18.57374 14.85224 14.85167 14.85167 14.85167 14.85167 14.85167 43.88463 43.88463
8.028389 8.028389 8.028389 8.028389 8.028389 8.028389 8.028389 20.87001 20.87001 20.87001 20.87001 18.09881 18.09881 18.09881 18.09881 12.92005 12.92005 18.09881 18.09881 3.442866 3.442866 3.442866 2.964715 2.964715 2.964715 2.964715 2.964715 2.964715 2.964715 8.20998 8.20998 3.112715 3.112715 3.112715 13.32692 13.32692 13.32692 9.002231 9.002231 9.002231 10.56317 10.56317 10.56317 10.56317 7.894812 7.894812 7.894812 7.096395 7.096395 7.096395 7.096396 14.85224 14.85224 14.85224 14.85224 14.85224 14.85167 14.85167 14.85167 14.85167 61.13282 61.13282 75.28573
8.028388 8.028388 8.028388 8.028388 8.028388 8.028388 8.028388 20.87001 20.87 20.87 20.87 18.09881 18.09881 18.09881 18.09881 12.92005 12.92005 3.442865 3.442865 3.442865 3.442865 3.442866 3.442866 2.964715 2.964715 2.964715 2.964715 2.964715 2.964715 8.20998 8.20998 8.20998 8.20998 10.95837 13.32692 13.32692 13.32692 13.32692 9.002231 10.56317 10.56317 10.56317 10.56317 10.56317 7.894812 7.894812 7.894812 7.096396 7.096396 7.096395 14.85224 14.85224 14.85224 14.85224 14.85185 14.85224 14.85167 14.85167 14.85167 53.77617 61.13281 61.13281 61.13281
8.028389 8.028389 8.028389 8.028389 8.028389 5.291701 8.028389 20.87001 20.87001 20.87001 20.87001 20.87001 20.87001 12.92005 12.92005 12.92005 12.92005 3.442866 3.442866 3.442866 3.442866 3.442866 3.442866 2.964715 2.964715 2.964715 2.964715 2.964715 1.821999 8.209979 8.209979 8.209979 8.209979 10.95837 10.95837 13.32692 13.32692 13.32692 10.56317 10.56317 10.56317 10.56317 10.56317 7.894812 7.894813 7.894813 7.894813 7.894813 7.096395 7.096395 9.423142 14.85224 14.85224 14.85185 14.85185 14.85185 14.85167 14.85185 14.85167 53.77617 53.77617 61.13282 61.13282
5.291701 5.291701 5.291701 5.291701 5.291701 5.291701 5.291701 5.291701 20.87001 20.87001 20.87001 20.87001 20.87001 12.92005 12.92005 12.92005 12.92005 3.442866 3.442866 3.442866 3.442866 3.442866 3.442866 1.326508 1.326508 1.326508 1.821999 1.821999 1.821999 8.20998 8.20998 8.20998 8.20998 10.95837 10.95837 10.95837 10.95837 13.32692 10.56317 10.56317 10.56317 7.894813 7.894813 7.894813 7.894813 7.894813 7.894813 7.096395 7.096395 7.096396 9.423143 14.85185 14.85185 14.85185 14.85185 14.85185 14.85185 14.85185 53.77617 53.77617 53.77617 53.77617 61.13281
5.291701 5.291701 5.291701 5.291701 5.291701 5.291701 5.291701 5.291701 5.291701 5.291701 0.867565 20.87001 20.87001 0.867565 12.92005 12.92005 12.92005 3.442866 3.442866 3.442866 3.442865 3.442865 3.442865 3.442865 1.326508 1.326508 1.326508 1.821999 1.821999 8.20998 8.20998 8.20998 8.209979 10.95837 10.95837 10.95837 10.95837 13.32692 9.697112 9.697112 9.697112 7.894813 7.894813 7.894812 7.894812 7.894812 7.894812 7.096396 7.096395 9.423143 9.423143 9.423143 14.85185 14.85185 14.85185 14.85185 14.85185 14.85185 53.77617 53.77617 30.32242 30.32242 30.32242
5.291701 5.291701 5.291701 5.291701 5.291701 5.291702 5.291702 5.291702 5.291702 5.291702 0.867565 0.867565 0.867565 0.867565 0.867565 0.867565 12.92005 0.640792 0.640792 0.640792 0.640792 0.640792 3.442866 1.326508 1.326508 1.326508 1.326508 1.821999 1.821999 8.209979 8.209979 8.209979 16.1469 16.1469 10.95837 10.95837 10.95837 7.551737 9.697112 9.697112 9.697112 9.697112 7.894812 7.894812 7.894812 7.894812 7.894812 7.096395 9.423142 9.423142 9.423142 9.423142 14.85185 9.423142 14.85185 45.29306 45.29306 45.29306 55.52349 53.77617 30.32242 30.32242 30.32242
5.291702 5.291702 5.291702 5.291702 5.291702 5.291701 5.291701 5.291701 5.291701 5.291701 0.867565 0.867565 0.867565 0.867565 0.867565 0.867565 0.867565 0.640792 0.640792 0.640792 0.640792 0.640792 6.327512 1.326508 1.326508 1.326508 1.326508 1.821999 1.821999 1.821999 16.1469 16.1469 16.1469 10.95837 10.95837 7.551737 7.551737 7.551737 9.697113 9.697113 9.697113 9.697113 7.894812 7.894813 7.894813 7.894813 0.445976 0.445976 9.497338 9.497338 9.423142 9.423142 9.423142 9.423142 45.29306 45.29306 45.29306 45.29306 55.52349 55.52349 46.69976 46.69976 30.32242
5.291701 5.291701 5.291701 5.291701 5.291701 5.291701 5.291701 5.291701 5.291701 5.291701 0.867565 0.867565 0.867565 0.867565 0.867565 0.867565 0.867565 0.640792 0.640792 0.640792 0.640792 0.640792 6.327511 1.326508 1.326508 1.326508 1.326508 1.821999 1.821999 16.1469 16.1469 16.1469 20.67455 16.1469 7.551737 7.551737 7.551737 7.551738 2.940435 9.697113 9.697113 2.940435 2.940435 2.940435 0.445976 0.445976 0.445976 0.445976 9.497338 9.497338 9.497338 9.497338 9.497338 9.423142 9.423142 45.29306 45.29306 69.96113 55.5235 55.5235 46.69976 46.69976 46.69976
5.291701 5.291701 5.291701 5.291701 0.795487 5.291701 5.291701 5.291701 5.291701 5.291701 0.867565 0.867565 0.867565 0.867565 0.867565 0.867565 0.867565 0.640792 0.640792 0.640792 0.640792 0.640792 6.327511 6.327511 6.327511 6.327511 11.60246 11.60246 16.1469 16.1469 16.1469 20.67454 20.67454 20.67454 7.551738 7.551738 7.551737 7.551737 2.940435 2.940435 2.940435 2.940435 2.940435 2.940435 0.445976 0.445976 0.445976 0.445976 9.497338 9.497338 9.497338 9.497338 9.497337 54.21183 54.21183 54.21183 69.96113 69.96112 55.5235 55.5235 46.69976 46.69976 34.77151
5.291701 5.291701 5.291701 0.795487 0.795487 0.795487 0.795487 5.291701 0.867565 0.867565 0.867565 0.867565 0.867565 0.867565 0.867565 0.867565 0.867565 0.640792 0.640792 0.640792 0.640792 6.327511 6.327511 6.327511 6.327512 6.327512 11.60246 11.60246 11.60246 11.60246 11.60246 20.67455 20.67455 20.67455 20.67455 7.551737 7.551737 7.551737 7.551737 2.940435 2.940435 2.940435 2.940435 2.940435 0.445976 0.445976 0.445976 9.497337 9.497337 9.497337 9.497337 9.497337 54.21183 54.21183 54.21183 54.21183 69.96112 69.96112 30.4543 34.77151 34.77151 34.77151 34.77151
