SiB2_DBHM_derive_trans/DBHModel/MODEL/GEO_INPUT_DATA/irriratio.asc
ncols         221
nrows         126
xllcorner     -457500
yllcorner     -1500500
cellsize      10000
NODATA_value  -9999
[rows 56 to 83 of 126, columns 0 to 62 of 221]
-9999 -9999 -9999 -9999 -9999 -9999 -9999 -9999 -9999 -9999 -9999 -9999 -9999 -9999 0.349549 0.349549 0.349549 0.349549 0.349549 0.349549 0.349549 0.349549 0.349549 0.349549 0.349549 0.349549 0.349549 0.349549 -9999 -9999 -9999 -9999 -9999 -9999 -9999 -9999 -9999 -9999 -9999 -9999 -9999 -9999 -9999 1.310947 1.310947 1.310947 1.310947 1.310947 1.310947 1.310947 0.067341 0.067341 0.067341 0.067341 0.067341 0.067341 1.272807 1.272807 1.272807 0.075208 0.075208 0.075208 0.075208
-9999 -9999 -9999 -9999 -9999 -9999 -9999 -9999 -9999 -9999 -9999 -9999 -9999 -9999 0.349549 0.349549 0.349549 0.349549 0.349549 0.349549 0.349549 0.349549 0.349549 0.349549 0.349549 0.349549 0.349549 0.349549 0.349549 -9999 -9999 -9999 -9999 -9999 -9999 -9999 -9999 -9999 -9999 -9999 -9999 -9999 1.310948 1.310948 1.310948 1.310948 1.310948 1.310948 1.310948 1.310948 0.067341 0.067341 0.067341 0.067341 0.067341 0.067341 1.272807 1.272807 1.272807 1.272807 0.075208 0.075208 1.272807
-9999 -9999 -9999 -9999 -9999 -9999 -9999 -9999 -9999 -9999 -9999 -9999 -9999 -9999 0.349549 0.349549 0.349549 0.349549 0.349549 0.349549 0.349549 0.349549 0.349549 0.349549 0.349549 0.349549 0.349549 0.349549 0.349549 -9999 -9999 -9999 -9999 -9999 -9999 -9999 -9999 -9999 -9999 -9999 -9999 1.310948 1.310948 1.310948 1.310948 1.310948 1.310948 1.310948 1.310948 1.310948 1.310948 0.354312 0.354312 0.067341 0.067341 1.272807 1.272807 1.272807 1.272807 1.272807 1.272807 0.075208 1.272807
-9999 -9999 -9999 -9999 -9999 -9999 -9999 -9999 -9999 -9999 -9999 -9999 0.321281 -9999 0.349549 0.349549 0.349549 0.349549 0.349549 0.349549 0.349549 0.349549 0.349549 0.349549 0.349549 0.349549 0.349549 0.349549 0.349549 0.349549 -9999 -9999 -9999 -9999 -9999 -9999 -9999 -9999 -9999 -9999 -9999 1.310948 1.310948 1.310948 1.310948 1.310948 1.310948 1.310948 1.310948 1.310948 1.310948 0.354312 0.354312 0.354312 0.354312 1.272807 1.272807 1.272807 1.272807 1.272807 1.272807 1.272807 1.272807
-9999 -9999 -9999 -9999 -9999 -9999 -9999 -9999 -9999 0.321281 0.321281 0.321281 0.321281 0.349549 0.349549 0.349549 0.349549 0.349549 0.349549 0.349549 0.349549 0.349549 0.349549 0.349549 0.349549 0.349549 0.349549 0.349549 0.349549 -9999 -9999 -9999 -9999 -9999 -9999 -9999 -9999 -9999 -9999 -9999 -9999 1.310948 1.310948 1.310948 1.310948 1.310948 1.310948 1.310948 1.310948 1.310948 1.310948 1.310948 0.354312 0.354312 0.354312 3.194729 3.194729 1.272807 1.272807 1.272807 1.272807 1.272807 1.272807
0.047409 0.047409 -9999 -9999 -9999 -9999 -9999 0.321281 0.321281 0.321281 0.321281 0.321281 0.349549 0.349549 0.349549 0.349549 0.349549 0.349549 0.349549 0.349549 0.349549 0.349549 0.349549 0.349549 0.349549 0.349549 0.349549 0.349549 0.349549 -9999 -9999 0.349549 0.349549 -9999 -9999 -9999 -9999 -9999 -9999 -9999 -9999 1.310948 1.310948 1.310948 1.310948 1.310948 1.310948 1.310948 1.310948 1.310948 1.310948 1.310948 0.354312 0.354312 0.354312 3.194728 3.194728 3.194728 3.194728 3.194728 1.272807 1.272807 1.272807
0.047409 0.047409 0.047409 0.047409 0.321281 0.321281 0.321281 0.321281 0.321281 0.321281 0.321281 0.321281 0.321281 0.349549 0.349549 0.349549 0.349549 0.349549 0.349549 0.349549 0.349549 0.349549 0.349549 0.349549 0.349549 0.349549 0.349549 0.349549 0.349549 0.349549 0.349549 0.349549 0.349549 0.349549 0.996929 -9999 -9999 -9999 -9999 -9999 -9999 1.310948 1.310948 1.310948 -9999 -9999 -9999 -9999 -9999 -9999 -9999 0.354312 0.354312 0.354312 0.354312 3.194729 3.194729 3.194729 3.194729 3.194729 3.194729 3.194729 1.272807
0.047409 0.047409 0.047409 0.047409 0.321281 0.321281 0.321281 0.321281 0.321281 0.321281 0.321281 0.321281 0.321281 0.321281 0.321281 0.349549 0.349549 0.349549 0.349549 0.349549 0.349549 0.349549 0.349549 0.349549 0.349549 0.349549 0.349549 0.349549 0.349549 0.349549 0.349549 0.349549 0.349549 0.349549 0.996929 0.996929 0.996929 -9999 -9999 -9999 -9999 1.310948 1.310948 1.310948 -9999 -9999 -9999 -9999 -9999 -9999 -9999 -9999 0.354312 0.354312 0.354312 0.354312 3.194728 3.194728 3.194728 3.194728 3.194728 3.194728 3.194728
0.047409 0.047409 0.047409 0.047409 0.321281 0.321281 0.321281 0.321281 0.321281 0.321281 0.321281 0.321281 0.321281 0.321281 0.321281 0.321281 0.349549 0.349549 0.349549 0.349549 0.349549 0.349549 0.349549 0.349549 0.349549 0.349549 0.349549 0.349549 0.349549 0.349549 0.349549 0.349549 0.349549 0.996929 0.996929 0.996929 0.996929 0.996929 -9999 1.159984 1.159984 1.159984 1.159984 1.159984 -9999 -9999 -9999 -9999 -9999 -9999 -9999 -9999 -9999 0.354312 0.354312 0.354312 0.354312 0.354312 3.194729 3.194729 3.194729 3.194729 3.194729
0.047409 0.047409 0.047409 0.047409 0.047409 0.321281 0.321281 0.321281 0.321281 0.321281 0.321281 0.321281 0.321281 0.321281 0.321281 0.321281 0.321281 0.321281 0.321281 0.321281 0.321281 0.321281 0.349549 0.321281 0.321281 0.321281 0.349549 0.349549 0.349549 0.349549 0.349549 0.349549 0.996929 0.996929 0.996929 0.996929 0.996929 0.996929 0.996929 1.159985 1.159985 1.159985 1.159985 -9999 -9999 -9999 -9999 -9999 -9999 -9999 -9999 -9999 -9999 -9999 0.354312 0.354312 0.354312 0.354312 3.194729 3.194729 3.194729 3.194729 4.320088
0.047409 0.047409 0.047409 0.047409 0.047409 0.047409 0.321281 0.321281 0.321281 0.321281 0.321281 0.321281 0.321281 0.321281 0.321281 0.321281 0.321281 0.321281 0.321281 0.321281 0.321281 0.321281 0.321281 0.321281 0.321281 0.321281 0.321281 0.321281 0.321281 0.349549 0.996929 0.996929 0.996929 0.996929 0.996929 0.996929 0.996929 0.996929 0.996929 1.159984 1.159984 1.159984 1.159984 -9999 -9999 -9999 -9999 -9999 -9999 -9999 -9999 -9999 -9999 -9999 0.354312 0.354312 0.354312 0.354312 7.234263 7.234263 3.194729 3.194729 4.320088
0.047409 0.047409 0.047409 0.047409 0.047409 0.047409 0.047409 0.321281 0.321281 0.321281 0.321281 0.321281 0.321281 0.321281 0.321281 0.321281 0.321281 0.321281 0.321281 0.321281 0.321281 0.321281 0.321281 0.321281 0.321281 0.321281 0.321281 0.321281 0.321281 0.321281 0.321281 0.321281 0.996929 0.996929 0.996929 0.996929 0.996929 0.996929 0.996929 0.996929 1.159984 1.159984 1.159984 1.159984 -9999 -9999 -9999 -9999 -9999 -9999 -9999 -9999 -9999 -9999 3.062656 3.062656 3.062656 3.062656 7.234263 7.234263 7.234263 4.320088 4.320088
0.047409 0.047409 0.047409 0.047409 0.047409 0.047409 0.047409 0.047409 0.321281 0.321281 0.321281 0.321281 0.321281 0.321281 0.321281 0.321281 0.321281 0.321281 0.321281 0.321281 0.321281 0.321281 0.321281 0.321281 0.321281 0.321281 0.321281 0.321281 0.321281 0.321281 0.321281 0.321281 0.321281 0.321281 0.321281 0.996929 0.996929 0.996929 0.996929 0.996929 1.159984 1.159984 1.159984 1.159984 1.159984 -9999 -9999 -9999 -9999 -9999 -9999 -9999 1.159984 1.159984 1.159984 3.062656 3.062656 3.062656 7.234263 7.234263 7.234263 13.34585 13.34585
0.047409 0.047409 0.047409 0.047409 0.047409 0.047409 0.047409 0.047409 0.321281 0.321281 0.321281 0.321281 0.321281 0.321281 0.321281 0.321281 0.321281 0.321281 0.321281 0.321281 0.321281 0.321281 0.321281 0.321281 0.321281 0.321281 0.321281 0.321281 0.321281 0.321281 0.321281 0.321281 0.321281 0.321281 0.321281 0.321281 0.996929 0.996929 0.996929 1.159985 1.159985 1.159985 1.159985 1.159985 1.159985 1.159985 1.159985 1.159985 1.159985 1.159985 1.159985 1.159985 1.159985 1.159985 1.159985 3.062656 3.062656 3.062656 7.234263 7.234263 7.234263 7.234263 13.34585
0.047409 0.047409 0.047409 0.047409 0.047409 0.047409 0.047409 0.047409 0.321281 0.321281 0.321281 0.321281 0.321281 0.321281 0.321281 0.321281 0.321281 0.321281 0.321281 0.321281 0.321281 0.321281 0.321281 0.321281 0.321281 0.321281 0.321281 0.321281 0.321281 0.321281 0.321281 0.321281 0.321281 0.321281 0.321281 0.321281 0.996929 0.996929 1.159984 1.159984 1.159984 1.159984 1.159984 1.159984 1.159984 1.159984 1.159984 1.159984 1.159984 1.159984 1.159984 1.159984 1.159984 1.159984 1.159984 3.062656 3.062656 3.062656 7.234263 7.234263 7.234263 7.234263 3.615725
0.047409 0.047409 0.047409 0.047409 0.047409 0.047409 0.047409 0.047409 0.321281 0.321281 0.321281 0.321281 0.321281 0.321281 0.321281 0.321281 0.321281 0.321281 0.321281 0.321281 0.321281 0.321281 0.321281 0.321281 0.321281 0.321281 0.321281 0.321281 0.321281 0.321281 0.321281 0.321281 0.321281 0.321281 0.321281 0.321281 0.321281 1.159984 1.159984 1.159984 1.159984 1.159984 1.159984 1.159984 1.159984 1.159984 1.159984 1.159984 1.159984 1.159984 1.159984 1.159984 1.159984 1.159984 1.159984 1.159984 3.062656 3.062656 7.234263 7.234263 7.234263 7.234263 3.615725
0.047409 0.047409 0.047409 0.047409 0.047409 0.047409 0.047409 0.321281 0.321281 0.321281 0.321281 0.321281 0.321281 0.321281 0.321281 0.321281 0.321281 0.321281 0.321281 0.321281 0.321281 0.321281 0.321281 0.321281 0.321281 0.321281 0.321281 0.321281 0.321281 0.321281 0.321281 0.321281 0.321281 0.321281 0.321281 0.321281 0.321281 1.159984 1.159984 1.159984 1.159984 1.159984 1.159984 1.159984 1.159984 1.159984 1.159984 1.159984 1.159984 1.159984 1.159984 1.159984 1.159984 1.159984 1.159984 1.919195 1.919195 1.919195 1.919195 1.919195 1.919195 7.234263 3.615726
0.047409 0.047409 0.047409 0.047409 0.047409 0.047409 0.047409 0.321281 0.321281 0.321281 0.321281 0.321281 0.321281 0.321281 0.321281 0.321281 0.321281 0.321281 0.321281 0.321281 0.321281 0.321281 0.321281 0.321281 0.321281 0.321281 0.321281 0.321281 0.321281 0.321281 0.321281 0.321281 0.321281 0.321281 0.321281 0.321281 0.321281 1.159984 1.159984 1.159984 1.159984 1.159984 1.159984 1.159984 1.159984 1.159984 1.159984 1.159984 1.159984 1.159984 1.159984 1.159984 1.159984 1.159984 1.159984 1.919196 1.919196 1.919196 1.919196 1.919196 1.919196 1.779949 1.779949
0.047409 0.047409 0.047409 0.047409 0.047409 0.047409 0.321281 0.321281 0.321281 0.321281 0.321281 0.321281 0.321281 0.321281 0.321281 0.321281 0.321281 0.321281 0.321281 0.321281 0.321281 0.321281 0.321281 0.321281 0.321281 0.321281 0.321281 0.321281 0.321281 0.321281 0.321281 0.321281 0.321281 0.321281 0.321281 0.321281 0.321281 1.159985 1.159985 1.159985 1.159985 1.159985 1.159985 0.151482 0.151482 1.159985 1.159985 1.159985 1.159985 1.159985 1.159985 1.159985 1.159985 1.159985 1.159985 1.919195 1.919195 1.919195 1.919195 1.919195 1.919195 1.306688 1.779949
0.047409 0.047409 0.047409 0.047409 0.047409 0.321281 0.321281 0.321281 0.321281 0.321281 0.321281 0.321281 0.321281 0.321281 0.321281 0.321281 0.321281 0.321281 0.321281 0.321281 0.321281 0.321281 0.321281 0.321281 0.321281 0.321281 0.321281 0.321281 0.321281 0.321281 0.321281 0.321281 0.321281 0.321281 0.321281 0.321281 0.321281 0.151482 0.151482 0.151482 1.159984 1.159984 1.159984 0.151482 0.151482 0.151482 0.151482 1.159984 1.159984 1.159984 1.159984 1.159984 0.411181 0.411181 0.411181 0.411181 0.411181 1.919195 1.919195 1.919195 1.919195 1.306688 1.306688
0.047409 0.047409 0.047409 0.047409 0.047409 0.047409 0.047409 0.321281 0.321281 0.321281 0.321281 0.321281 0.321281 0.321281 0.321281 0.321281 0.321281 0.321281 0.321281 0.321281 0.321281 0.321281 0.321281 0.321281 0.321281 0.321281 0.321281 0.321281 0.321281 0.321281 0.321281 0.321281 0.321281 0.321281 0.321281 0.321281 0.321281 0.151482 0.151482 0.151482 0.151482 0.151482 0.151482 0.151482 0.151482 0.151482 0.151482 0.151482 1.159984 1.159984 1.159984 1.159984 0.411181 0.411181 0.411181 0.411181 0.411181 0.411181 1.919195 1.919195 1.919195 1.306689 1.306689
0.047409 0.047409 0.047409 0.047409 0.047409 0.047409 0.047409 0.321281 0.321281 0.321281 0.321281 0.321281 0.321281 0.321281 0.321281 0.321281 0.321281 0.321281 0.321281 0.321281 0.321281 0.321281 0.321281 0.321281 0.321281 0.321281 0.321281 0.321281 0.321281 0.321281 0.321281 0.321281 0.321281 0.321281 0.321281 0.321281 0.321281 0.151482 0.151482 0.151482 0.151482 0.151482 0.151482 0.151482 0.151482 0.151482 0.151482 0.151482 1.159985 1.159985 0.411181 0.411181 0.411181 0.411181 0.411181 0.411181 0.411181 0.411181 1.919195 1.919195 1.919195 1.306688 1.306688
0.047409 0.047409 0.047409 0.047409 0.047409 0.047409 0.047409 0.321281 0.321281 0.321281 0.321281 0.321281 0.321281 0.321281 0.321281 0.321281 0.321281 0.321281 0.321281 0.321281 0.321281 0.321281 0.321281 0.321281 0.321281 0.321281 0.321281 0.321281 0.321281 0.321281 0.321281 0.321281 0.321281 0.321281 0.321281 0.321281 0.321281 0.321281 0.151482 0.151482 0.151482 0.151482 0.151482 0.151482 0.151482 0.151482 0.151482 0.151482 1.159984 1.159984 0.411181 0.411181 0.411181 0.411181 0.411181 0.411181 0.411181 0.411181 1.919196 1.919196 1.919196 1.306689 1.306689
0.047409 0.047409 0.047409 0.047409 0.047409 0.047409 0.047409 0.321281 0.321281 0.321281 0.321281 0.321281 0.321281 0.321281 0.321281 0.321281 0.321281 0.321281 0.321281 0.321281 0.321281 0.321281 0.321281 0.321281 0.321281 0.321281 0.321281 0.321281 0.321281 0.321281 0.321281 0.321281 0.321281 0.321281 0.321281 0.321281 0.321281 0.321281 0.321281 0.151482 0.151482 0.151482 0.151482 0.151482 0.151482 0.151482 0.151482 0.151482 0.411181 0.411181 0.411181 0.411181 0.411181 0.411181 0.411181 0.411181 0.411181 0.411181 1.919196 1.919195 1.919195 0.648605 0.648605
0.047409 0.047409 0.047409 0.047409 0.047409 0.047409 0.321281 0.321281 0.321281 0.321281 0.321281 0.321281 0.321281 0.321281 0.321281 0.321281 0.321281 0.321281 0.321281 0.321281 0.321281 0.321281 0.321281 0.321281 0.321281 0.321281 0.321281 0.321281 0.321281 0.321281 0.321281 0.321281 0.321281 0.321281 -9999 0.321281 -9999 -9999 0.321281 0.151482 0.151482 0.151482 0.151482 0.151482 0.151482 0.151482 0.151482 0.151482 0.411181 0.411181 0.411181 0.411181 0.411181 0.411181 0.411181 0.411181 0.411181 0.411181 0.411181 1.919196 1.919196 0.648605 0.648605
-9999 -9999 0.047409 0.047409 0.047409 0.047409 0.321281 0.321281 0.321281 0.321281 0.321281 0.321281 0.321281 0.321281 0.321281 0.321281 0.321281 0.321281 0.321281 0.321281 0.321281 0.321281 0.321281 0.321281 0.321281 0.321281 0.321281 0.321281 0.321281 0.321281 0.321281 0.321281 0.321281 -9999 -9999 -9999 -9999 -9999 -9999 0.151482 0.151482 0.151482 0.151482 0.151482 0.151482 0.151482 0.151482 0.379326 0.379326 0.411181 0.411181 0.411181 0.411181 0.411181 0.411181 0.411181 0.411181 0.411181 0.411181 -9999 -9999 -9999 0.648605
-9999 -9999 -9999 0.047409 0.047409 0.047409 0.321281 0.321281 0.321281 0.321281 0.321281 0.321281 0.321281 0.321281 0.321281 0.321281 0.321281 -9999 -9999 0.321281 0.321281 0.321281 0.321281 0.321281 0.321281 0.321281 0.321281 0.321281 0.321281 -9999 -9999 -9999 -9999 -9999 -9999 -9999 -9999 -9999 -9999 0.151482 0.151482 0.151482 0.151482 0.151482 0.151482 0.151482 0.151482 0.151482 0.379326 0.379326 0.379326 0.379326 0.379326 -9999 -9999 -9999 -9999 0.411181 0.411181 -9999 -9999 -9999 0.648605
-9999 -9999 -9999 -9999 -9999 0.321281 0.321281 0.321281 0.321281 0.321281 0.321281 -9999 -9999 -9999 0.321281 -9999 -9999 -9999 -9999 -9999 -9999 -9999 0.321281 0.321281 -9999 -9999 -9999 0.321281 -9999 -9999 -9999 -9999 -9999 -9999 -9999 -9999 -9999 -9999 0.151482 0.151482 0.151482 0.151482 0.151482 0.151482 0.151482 0.151482 0.151482 0.151482 0.379326 0.379326 0.379326 0.379326 0.379326 0.379326 -9999 -9999 -9999 -9999 -9999 -9999 -9999 -9999 -9999
