SiB2_DBHM_derive_trans/DBHModel/MODEL/GEO_INPUT_DATA/irriratio.asc
ncols         221
nrows         126
xllcorner     -457500
yllcorner     -1500500
cellsize      10000
NODATA_value  -9999
[rows 84 to 111 of 126, columns 126 to 188 of 221]
6.593462 6.593462 25.28661 25.28661 25.28661 25.28661 26.76315 26.76315 26.76315 35.69141 35.69141 35.69141 35.69141 35.69141 21.11069 21.11069 21.11069 21.11069 7.060922 7.060922 7.060922 5.375459 5.375459 5.375459 5.375459 3.997139 3.997139 7.731999 7.731999 7.731999 7.731999 7.731998 21.89907 21.89907 21.89907 21.89907 21.89907 9.135879 9.13588 9.13588 9.13588 9.13588 25.91171 13.86576 29.98923 56.98509 56.98509 41.89574 41.89574 41.89574 55.01531 43.48643 43.48643 43.48643 36.2583 36.2583 36.2583 36.2583 36.26662 36.26662 36.26662 36.26662 33.38816
3.515368 43.44324 43.44324 25.28661 25.28661 38.97045 49.18508 49.18508 49.18508 35.69141 35.69142 12.77812 12.77812 35.69142 21.11069 21.11069 21.11069 7.060922 7.060922 7.060922 7.060922 5.375459 5.375459 5.375459 3.997139 3.997139 3.997139 7.731998 7.731998 7.731998 7.731998 7.731998 21.89907 21.89907 21.89907 21.89907 21.89907 23.3341 23.3341 9.13588 9.13588 25.91171 25.91171 25.91171 25.91171 56.98509 56.98509 56.98509 56.98509 55.0153 55.0153 43.48642 43.48642 36.2583 36.2583 36.2583 36.2583 36.2583 36.26662 36.26662 33.38816 33.38816 33.38816
52.76147 43.44324 43.44324 43.44324 38.97045 38.97045 49.18508 49.18508 49.18508 15.1175 15.1175 12.77812 12.77812 21.10466 21.10466 7.060922 7.060922 7.060922 7.060922 7.060922 7.060922 7.060922 5.375459 3.997139 3.997139 3.997139 3.997139 3.997139 7.731998 7.731998 2.418257 2.418257 21.89907 21.89907 9.582559 23.3341 23.3341 23.33411 23.33411 23.33411 25.91171 25.91171 25.91171 25.91171 25.91171 40.23926 40.23926 40.23926 40.23926 55.0153 55.0153 43.48643 43.48643 43.48643 30.52217 36.2583 36.2583 36.2583 36.2583 33.38816 33.38816 33.38816 33.38816
52.76148 52.76148 44.91343 44.91343 38.97045 38.97045 49.18508 49.18508 15.1175 15.1175 15.1175 12.77812 12.77812 21.10466 21.10466 7.060922 7.060922 7.060922 7.060922 7.060922 7.060922 7.060922 3.997139 3.997139 3.997139 3.997139 3.997139 3.997139 3.997139 2.418257 2.418257 2.418257 2.418257 9.582559 9.582559 23.33411 23.33411 23.33411 23.33411 34.94778 34.94778 25.91171 25.91171 25.91171 25.91171 40.23927 55.29 40.23927 48.25246 55.0153 55.0153 55.0153 43.48642 43.48642 30.52217 18.76179 18.76179 18.76179 18.76179 19.20814 33.38816 33.38816 33.38816
65.98441 65.98441 44.91343 44.91343 38.97045 38.97045 49.18508 49.18508 15.1175 15.1175 15.1175 15.1175 2.111755 2.111755 2.111755 2.111755 7.060922 7.060922 7.060922 7.060922 7.060922 1.024771 3.997139 3.997139 3.997139 3.997139 3.997139 3.997139 2.418257 2.418257 2.418257 2.418257 2.418257 9.58256 9.58256 9.58256 23.3341 23.3341 23.3341 34.94778 34.94778 34.94778 34.94778 31.05783 31.05783 31.05783 40.23927 40.23927 48.25247 48.25247 55.01531 55.01531 43.48643 30.52217 30.52217 30.52217 18.76179 18.76179 18.76179 19.20814 19.20814 19.20814 19.20814
65.98441 58.42678 58.42678 38.97045 38.97045 38.97045 49.18508 49.18508 49.18508 15.1175 15.1175 15.1175 2.111754 2.111754 2.111754 2.111754 7.060923 7.060923 7.060923 1.024772 1.024772 1.024772 1.024772 1.024772 3.997138 0.798061 0.798061 0.798061 2.418257 2.418257 2.418257 2.418257 2.418257 9.58256 9.58256 9.58256 7.649059 29.63655 29.63655 29.63655 29.63655 34.94778 34.94778 31.05783 31.05783 31.05783 31.05783 48.25247 48.25247 48.25247 48.25247 30.52217 30.52217 30.52217 30.52217 18.76179 18.76179 18.76179 19.20813 19.20813 19.20813 19.20813 19.20813
58.42678 58.42678 58.42678 58.42678 6.443868 6.443868 6.443868 6.443868 6.443868 6.443868 2.111754 2.111754 2.111754 2.111754 2.111754 2.111754 2.111754 1.024772 1.024772 1.024772 1.024772 1.024772 1.024772 1.024772 0.798061 0.798061 0.798061 0.798061 2.418257 2.418257 2.418257 2.418257 2.418257 9.58256 9.58256 7.649059 7.649059 7.649059 7.649059 29.63655 29.63655 14.76322 14.76322 14.76322 31.05783 31.05783 31.05783 54.4231 54.4231 54.4231 30.52217 40.99158 30.52217 40.99158 30.52217 18.76179 18.76179 18.76179 18.76178 19.20813 19.20813 19.20813 12.61648
27.73858 58.42678 58.42678 58.42678 6.443868 6.443868 6.443868 6.443868 6.443868 6.443868 2.067875 2.111754 2.111754 2.111754 2.111755 2.111755 2.111755 1.024772 1.024772 1.024772 1.024772 1.024772 1.024772 1.024772 0.798061 0.798061 0.798061 0.798061 0.798061 0.798061 0.798061 2.418257 9.58256 9.58256 9.58256 7.649059 7.649059 7.649059 7.649059 7.649059 7.649059 7.649059 14.76322 24.60409 24.60409 31.05783 31.05783 29.39236 54.4231 54.4231 54.4231 54.4231 40.99158 40.99158 40.99158 40.99158 40.99158 18.76178 18.76178 32.51839 19.20814 19.20814 16.2954
27.73859 27.73859 27.73859 27.73859 6.443868 6.443869 6.443869 6.443869 2.067875 2.067875 2.067875 2.067875 2.111755 2.067874 2.111755 2.111755 2.111755 2.111755 1.024772 1.024772 1.024772 1.024771 1.024771 1.024771 0.798061 0.798061 0.798061 0.798061 0.798061 0.798061 2.418257 2.418257 2.418257 7.649059 7.649059 7.649059 7.649059 7.649059 7.649059 7.649059 7.64906 7.64906 24.60409 24.60409 24.60409 24.60409 29.39236 29.39236 54.4231 33.54631 54.4231 54.4231 20.6226 40.99158 40.99158 40.99158 40.99158 21.31033 21.31033 21.31033 32.51839 32.51839 16.2954
25.76075 27.73859 27.73859 27.73859 6.443868 6.443868 6.443868 6.443868 2.067874 2.067874 2.067874 2.067874 2.067874 2.067875 2.067875 1.207392 1.207392 1.207392 1.024771 1.024771 1.024771 1.024771 1.024771 1.024771 0.798061 0.798061 0.798061 1.862167 0.798061 2.418257 2.418257 2.418257 3.56534 7.649059 3.565341 3.565341 7.64906 7.64906 7.64906 7.64906 24.60409 24.60409 24.60409 24.60409 24.60409 29.39236 29.39236 29.39236 35.09258 35.09258 35.09258 54.4231 20.6226 20.6226 20.6226 40.99158 40.99158 21.31033 21.31033 21.31033 32.51839 32.51839 16.2954
25.76074 27.73858 27.73858 27.73858 0.439373 6.443868 6.443868 6.443868 2.067875 2.067875 2.067875 2.067875 2.067875 2.067875 1.207392 1.207392 1.207392 1.207392 1.207392 1.024771 1.024771 1.024771 1.024771 1.862167 1.862167 1.862167 1.862167 1.862167 1.862167 2.418257 2.418257 2.418257 3.565341 3.56534 3.56534 3.56534 3.56534 3.56534 3.56534 9.63056 9.630559 9.630559 24.60409 24.60409 24.60409 29.39236 14.76207 35.09258 35.09258 35.09258 35.09258 20.6226 20.6226 20.6226 20.6226 20.6226 20.6226 21.31033 21.31033 21.31033 32.51839 32.51839 16.2954
25.76075 27.73858 27.73858 0.439373 0.439373 0.439373 0.439373 0.439373 0.439373 2.067875 2.067875 2.067874 2.067874 2.067874 1.207392 1.207392 1.207392 1.207392 1.207392 0.845846 0.845846 1.024772 1.024772 1.862167 1.862167 1.862167 1.862167 1.862167 1.862167 1.862167 3.56534 3.56534 3.56534 3.56534 3.56534 3.56534 3.56534 3.56534 3.56534 9.63056 9.63056 9.63056 9.63056 24.60409 14.76207 14.76207 35.09258 35.09258 12.49669 35.09258 35.09258 20.6226 20.6226 20.6226 20.6226 20.6226 7.038129 21.31033 21.31033 32.51839 32.51839 32.51839 16.2954
0.37263 0.37263 0.439373 0.439373 0.439373 0.439373 0.439373 0.439373 0.439373 2.067874 2.067874 1.108553 1.108553 1.108553 1.207392 1.207392 1.207392 1.207392 1.207392 0.845846 0.845846 0.845846 1.862167 1.862167 1.862167 1.862167 1.862167 1.862167 6.243131 6.243131 6.243131 3.56534 3.56534 3.56534 3.56534 3.56534 3.56534 3.56534 9.63056 9.63056 9.63056 9.63056 9.63056 9.63056 9.63056 14.76207 14.76207 12.49669 12.49669 12.49669 12.49669 12.49669 16.23445 16.23445 7.038129 7.038129 7.038129 7.038129 7.038129 9.713206 9.713206 9.713206 9.713206
0.37263 0.37263 0.271178 0.439373 0.439373 0.439373 0.439373 0.439373 0.439373 1.108553 1.108553 1.108553 1.108553 1.108553 1.207392 1.207392 1.207392 1.207392 0.845846 0.845846 0.845846 0.845846 1.862167 1.862167 1.862167 1.862167 1.862167 1.862167 6.24313 6.24313 6.24313 6.24313 17.53009 17.53009 3.56534 3.56534 3.56534 3.56534 9.630559 9.630559 9.630559 9.630559 9.630559 9.630559 4.889102 4.889102 4.889102 12.49669 12.49669 12.49669 12.49669 16.23445 16.23445 16.23445 7.038129 7.038129 7.038129 7.038129 8.510823 9.713206 9.713206 9.713205 9.713205
0.37263 0.271178 0.271178 0.271178 0.271178 0.271178 0.439373 0.439373 0.439373 1.108553 1.108553 1.108553 1.108553 1.108553 1.108553 1.207392 1.207392 0.845846 0.845846 0.845846 0.845846 0.845846 1.862167 1.862167 1.862167 1.862167 1.862167 1.862167 1.862167 6.24313 6.24313 17.53009 17.53009 17.53009 17.53009 29.4145 29.4145 29.4145 29.4145 9.630559 9.630559 10.37167 9.630559 9.630559 4.889102 4.889102 4.889102 4.889102 12.49669 12.49669 47.21341 16.23446 16.23446 16.23446 7.038129 7.038129 7.038129 8.510823 8.510823 8.510823 8.510823 9.713205 9.713205
0.271178 0.271178 0.271178 0.271178 0.271178 0.271178 0.271178 0.439373 0.439373 1.108553 1.108553 1.108553 1.108553 1.108553 1.108553 1.108553 1.207392 0.845846 0.845846 0.845846 0.845846 0.845846 3.252993 3.252993 3.252994 3.252994 3.252994 1.862167 1.862167 6.24313 6.24313 6.24313 17.53009 17.53009 17.53009 29.4145 29.4145 29.4145 29.4145 10.37168 10.37168 10.37168 10.37168 4.889102 4.889103 4.889103 4.889103 4.889103 6.895427 6.895426 6.895426 6.895426 16.23445 16.23445 7.038129 16.23445 7.038129 8.510823 8.510823 8.510823 8.510824 8.510824 9.713206
0.271178 0.271178 0.271178 0.271178 0.271178 0.271178 0.271178 0.271178 0.271178 1.108553 1.108553 1.108553 1.108553 1.108553 1.108553 1.108553 1.108553 1.108553 0.845846 0.845846 0.845846 0.845846 3.252994 3.252994 3.252993 3.252993 3.252993 3.252993 1.862167 6.24313 6.24313 6.24313 17.53009 17.53009 17.53009 17.53009 24.09435 29.4145 29.4145 10.37168 10.37168 10.37168 4.889103 4.889103 4.889103 4.889103 4.889103 4.889103 6.895426 6.895427 6.895427 6.895427 16.23445 16.23445 16.23445 11.87159 11.87159 8.510824 8.510824 8.510824 19.25495 8.510824 18.74735
0.37263 0.271178 0.271178 0.271178 0.271178 0.271178 0.271178 0.271178 1.14365 1.14365 1.14365 1.14365 1.14365 1.108553 1.108553 1.108553 1.14365 1.14365 1.14365 0.845846 2.020556 2.020556 2.020556 2.020556 3.252993 3.252993 3.252993 3.252993 6.24313 6.24313 23.85441 23.85441 17.53009 17.53009 17.53009 17.53009 29.4145 29.4145 29.4145 12.42428 10.37168 10.37168 10.37168 4.889103 4.889103 4.889103 4.889103 4.889103 6.895427 6.895427 6.895427 6.895427 16.23445 16.23445 11.87159 11.87159 11.87159 11.87159 11.87159 19.25495 19.25495 16.56849 16.56849
3.842192 3.842192 0.271178 0.271178 0.271178 0.271178 0.271178 0.773966 0.773966 1.14365 1.14365 1.14365 1.14365 1.14365 1.14365 1.14365 1.14365 1.14365 1.14365 2.020556 2.020556 2.020556 2.020556 2.020556 2.020556 3.252993 3.252993 3.252993 6.24313 6.24313 23.85442 23.85442 23.85442 17.53009 17.53009 29.4145 29.4145 29.4145 12.42428 12.42428 12.42428 12.42428 12.42428 12.42428 4.889102 4.889102 4.889102 4.889102 9.024787 6.895426 6.895426 6.895426 6.895426 11.87159 11.87159 11.87159 11.87159 11.87159 19.25495 19.25496 19.25496 16.56849 16.56849
5.396653 3.842192 3.842192 3.842192 0.773966 0.773966 0.773966 0.773966 0.773966 0.773966 0.773966 1.14365 1.14365 1.14365 1.14365 1.14365 1.14365 1.14365 1.14365 2.020556 2.020556 2.020556 2.020556 2.020556 1.947962 3.252993 3.252993 3.252993 3.252993 3.252994 3.252994 23.85442 23.85442 23.85442 23.85442 29.54623 29.41449 29.41449 12.42428 12.42428 12.42428 12.42428 12.42428 4.889103 4.889103 4.889103 4.889103 9.024787 9.024787 13.4709 6.895427 6.895427 6.895427 11.87159 11.87159 11.87159 11.87159 19.25496 19.25496 19.25495 19.25495 16.56849 16.56849
5.396653 3.842192 3.842192 3.842192 0.773966 0.773966 0.773966 0.773966 0.773966 0.773966 0.773966 1.14365 1.14365 1.14365 1.14365 1.14365 1.14365 1.14365 1.14365 2.020556 2.020556 2.020556 2.020556 2.020556 1.947962 1.947962 1.947962 3.252994 3.252994 3.252993 3.252993 23.85441 23.85441 23.85441 23.85441 29.54624 29.54624 29.54624 12.42428 12.42428 12.42428 12.42428 9.024787 9.024787 9.024787 9.024787 9.024787 9.024786 9.024786 13.47089 13.47089 13.47089 13.47089 13.4709 11.87159 11.87159 11.87159 19.25495 19.25495 19.25495 19.25495 32.98494 32.98494
3.842193 3.842193 3.842193 3.842193 3.842193 0.773966 0.773966 0.773966 0.773966 0.773966 0.773966 0.439956 0.439956 1.14365 0.439956 2.020556 2.020556 2.020556 2.020556 2.020556 2.020556 2.020556 1.947962 1.947962 1.947962 1.947962 1.947962 3.252993 23.85441 23.85441 23.85441 23.85441 23.85441 23.85441 23.85441 29.54623 29.54623 29.54623 12.42428 12.42428 12.42428 12.42428 9.024786 9.024786 9.024786 9.024786 9.024786 11.79088 11.79088 13.4709 13.4709 13.4709 13.4709 13.47089 11.87159 11.87159 19.54973 19.54973 19.25495 19.25495 32.98494 32.98494 32.98494
5.396653 3.842192 3.842192 3.842192 3.842192 3.842192 0.773966 0.773966 0.773966 0.773966 0.439956 0.439956 0.439956 0.439956 0.439956 2.020556 2.020556 2.020556 0.868002 0.868002 0.868002 0.868002 1.947962 1.947962 1.947962 1.947962 1.947962 1.947962 1.947962 24.35548 24.35548 23.85441 23.85441 23.85441 23.85441 29.54623 29.54623 12.42428 12.42428 12.42428 12.42428 20.77179 20.77179 11.79088 9.024787 9.024787 9.024787 11.79088 11.79088 13.47089 13.47089 13.47089 13.47089 13.47089 19.54973 19.54973 19.54973 19.54973 20.21432 20.21432 32.98494 32.98494 32.98494
5.396653 3.842192 3.842192 3.842192 3.842192 3.842192 3.842192 0.773966 0.773966 0.773966 0.773966 0.439956 0.439956 0.439956 0.439956 2.020556 2.020556 2.020556 0.868002 0.868002 0.868002 0.868002 1.947962 1.947962 1.947962 1.947962 1.947962 1.947962 9.4845 24.35548 24.35548 24.35548 24.35548 23.85441 22.22795 29.54624 29.54624 20.77179 20.77179 12.42428 20.77178 20.77178 20.77178 11.79088 11.79088 9.024786 11.79088 11.79088 11.79088 13.47089 13.47089 13.47089 8.56619 13.47089 19.54973 19.54973 19.54973 19.54973 20.21432 20.21432 20.21432 32.98494 32.98494
3.842192 3.842192 3.842192 3.842192 3.842192 3.842192 3.842192 0.773966 0.773966 0.773966 0.773966 0.439956 1.461948 1.461948 1.461948 1.461948 2.020556 2.020556 2.020556 0.868002 0.868002 0.868002 1.947962 1.947962 1.947962 1.947962 1.947962 9.4845 9.4845 9.4845 24.35548 24.35548 22.22795 22.22794 22.22794 22.22794 22.22794 20.77178 20.77178 20.77178 20.77179 20.77179 11.79088 11.79088 11.79088 11.79088 11.79088 11.79088 11.79088 13.47089 13.47089 13.47089 13.4709 13.4709 19.54973 19.54973 19.54973 20.21432 20.21432 20.21432 20.21432 32.98494 32.98494
1.039119 3.842192 3.842192 3.842192 3.842192 1.365324 1.365324 1.365324 0.773966 0.773966 1.461948 1.461948 1.461948 1.461948 1.461948 1.461948 1.461948 2.020556 2.020556 1.368765 1.368765 1.368765 1.947962 1.947962 1.947962 1.947962 9.4845 9.4845 9.4845 9.4845 24.35548 22.22794 22.22794 22.22794 22.22794 22.22794 22.22794 22.22794 20.77179 20.77179 20.77179 20.77179 11.79088 11.79088 11.79088 11.79088 11.79088 11.79088 11.79088 13.54272 13.4709 13.4709 13.4709 19.54973 19.54973 19.54973 19.54973 20.21433 20.21433 20.21433 20.21433 20.21433 20.21433
1.039119 3.842192 0.850575 0.850575 1.365324 1.365324 1.365324 1.365324 1.365324 1.521091 1.521091 1.521091 1.461948 1.461948 1.461948 1.461948 1.461948 1.461948 1.368765 1.368765 1.368765 1.368765 1.947962 1.947962 1.368765 1.947962 9.4845 9.4845 9.4845 9.4845 9.4845 22.22794 22.22795 22.22795 22.22795 22.22795 22.22795 22.22795 20.77179 20.77178 20.77178 20.77178 11.79088 11.79088 11.79088 11.79088 11.79088 11.79088 13.54272 13.54272 13.4709 13.4709 13.4709 13.4709 19.54973 19.54973 19.54973 19.54973 20.21433 20.21433 20.21433 20.21433 5.202164
1.039119 0.850575 0.850575 0.850575 0.850575 1.365324 1.365324 1.365324 1.365324 1.521091 1.521091 1.521091 1.521091 1.461948 1.461948 1.461948 1.461948 1.368765 1.368765 1.368765 1.368765 1.368765 1.368765 1.368765 1.368765 9.484501 9.484501 9.484501 9.484501 9.484501 9.484501 22.22795 22.22795 22.22795 64.16305 22.22795 22.22795 22.22795 22.22794 20.77179 20.77179 20.77179 20.77179 11.79088 11.79088 11.79088 11.79088 11.79088 13.54272 13.54272 13.54272 13.47089 13.47089 9.218023 9.218023 19.54973 9.218023 9.218023 5.202164 5.202164 5.202164 5.202165 5.202165
