SiB2_DBHM_derive_trans/DBHModel/MODEL/GEO_INPUT_DATA/precm.asc
ncols         221
nrows         126
xllcorner     -457500
yllcorner     -1500500
cellsize      10000
NODATA_value  -9999
[rows 26 to 51 of 126, columns 120 to 179 of 221]
0.2821655 0.2838763 0.2851216 0.2853186 0.2858952 0.2956392 0.2962742 0.3247015 0.3251806 0.3254911 0.3553854 0.372714 0.374119 0.3750152 0.3750567 0.3685406 0.3688881 0.3689409 0.3866547 0.3861471 0.3929166 0.3933204 0.3937621 0.3934532 0.3938141 0.4014448 0.4015414 0.4447213 0.4582663 0.4593966 0.4613472 0.4605891 0.4607089 0.4614191 0.4566747 0.4604126 0.461652 0.4615976 0.4632977 0.4648802 0.4661032 0.4779981 0.4801511 0.4832949 0.4803734 0.4803099 0.4828342 0.4829579 0.4824404 0.4854474 0.4854138 0.4854868 0.4856907 0.4864026 0.4873625 0.4940636 0.4974162 0.4956144 0.4959386 0.4962232
0.2811429 0.2849483 0.2862952 0.2864517 0.2853693 0.2962029 0.3110971 0.3117354 0.3249521 0.3530275 0.3730574 0.3755854 0.3750503 0.3752457 0.3755461 0.3757544 0.3830139 0.3944357 0.3857975 0.3925697 0.392994 0.3934065 0.3933426 0.3938768 0.4152089 0.4155617 0.4156396 0.4576485 0.4590846 0.4601299 0.4595889 0.4610798 0.461165 0.4620649 0.4638698 0.4623591 0.4641878 0.4646296 0.4672808 0.4700764 0.4794038 0.4816333 0.4855481 0.4865201 0.4852085 0.4839373 0.4841754 0.4836393 0.4830416 0.4859246 0.485941 0.4861213 0.4866363 0.4869924 0.4915825 0.4974903 0.499845 0.4989879 0.4966356 0.4968043
0.2812749 0.2839029 0.2862761 0.285657 0.285574 0.2884226 0.311359 0.3122995 0.3461055 0.3544874 0.3733959 0.3779449 0.3776882 0.3778932 0.3763871 0.3764128 0.3945805 0.3938358 0.3939588 0.3945974 0.3932764 0.3935012 0.3936612 0.3942288 0.4153872 0.415811 0.4159313 0.4582599 0.4593482 0.4593715 0.460354 0.461613 0.4613659 0.4634694 0.4657817 0.4630534 0.466635 0.4690238 0.4720786 0.4842672 0.4886002 0.4890645 0.4889984 0.4889664 0.4888695 0.4870607 0.485895 0.4840363 0.4839329 0.4831266 0.4865342 0.485101 0.4870975 0.4911492 0.4948936 0.5007708 0.4990307 0.4993183 0.496744 0.531642
0.2802761 0.282736 0.283752 0.2854611 0.2857714 0.2892258 0.3125158 0.338448 0.3396391 0.3737777 0.375645 0.3769178 0.3775923 0.3780285 0.3783227 0.3949577 0.3949209 0.3940466 0.3941636 0.3947465 0.4054757 0.4055517 0.4065182 0.4154643 0.4157569 0.4160331 0.4161974 0.4584679 0.4586316 0.4597845 0.4618275 0.4631102 0.4628476 0.4650992 0.4683116 0.4637894 0.4698389 0.4897088 0.4924929 0.4950779 0.4906845 0.4971002 0.4965745 0.4964904 0.4963102 0.4966829 0.4962297 0.4952189 0.4935974 0.4925412 0.4953541 0.4856718 0.4913779 0.4950161 0.4983623 0.5011454 0.4992866 0.4994822 0.4966418 0.5392963
0.2778142 0.2817513 0.2833222 0.2842377 0.2910633 0.3192511 0.3196914 0.339579 0.3412718 0.3745261 0.375781 0.3767299 0.3775145 0.3778137 0.3782322 0.3953461 0.3943368 0.3942685 0.3943783 0.3948404 0.3943418 0.405834 0.4065512 0.4159676 0.4162654 0.415914 0.4164493 0.4582108 0.4593659 0.4608117 0.4635347 0.465795 0.4651701 0.4715003 0.4707701 0.4732394 0.4771213 0.4914825 0.4963206 0.4978629 0.4980886 0.4989589 0.4971811 0.4960028 0.4972985 0.4970571 0.4971902 0.4969032 0.4964153 0.4957068 0.4951131 0.5007281 0.5041885 0.5081925 0.5097895 0.5012292 0.4998372 0.499515 0.5394368 0.5402341
0.2743889 0.2791876 0.2830462 0.2845967 0.2920064 0.3195657 0.3206885 0.3404288 0.3421651 0.3748415 0.3759815 0.3765029 0.3775034 0.3775449 0.3780961 0.3947899 0.3946913 0.3945563 0.3946599 0.3947156 0.3941745 0.4057731 0.4079204 0.4165204 0.4166547 0.4165232 0.4560317 0.4597567 0.4609978 0.4629382 0.4696697 0.4705951 0.4704444 0.4702735 0.4708934 0.4731788 0.4771938 0.4919875 0.4981999 0.4998986 0.5002224 0.5004666 0.4989245 0.4979216 0.4977494 0.4981324 0.4982506 0.4985164 0.4984624 0.4978034 0.4986694 0.4997055 0.5055166 0.5089133 0.5105584 0.5232488 0.5221297 0.5220637 0.5563415 0.5549592
0.2733318 0.2754092 0.2790039 0.2847249 0.2924466 0.3204387 0.3462757 0.3474699 0.378799 0.3797424 0.3761471 0.3764115 0.3773133 0.376801 0.3768879 0.3945058 0.3945576 0.394736 0.3948754 0.3942573 0.4159213 0.4175979 0.4181981 0.4610171 0.461406 0.4616888 0.4571666 0.4585421 0.4667115 0.4689126 0.470118 0.4709654 0.4691109 0.4702848 0.4726568 0.4735046 0.4772202 0.4946561 0.4995278 0.502288 0.5026061 0.5034986 0.4990971 0.4973795 0.4978943 0.4984956 0.4990721 0.4984598 0.49855 0.4984899 0.4993895 0.5018772 0.5064476 0.5108596 0.5223894 0.5223432 0.5234385 0.5579736 0.5569124 0.5570921
0.2768593 0.2770968 0.2798829 0.2929713 0.3452102 0.3466972 0.3468841 0.3476231 0.3785724 0.3794069 0.3803141 0.3804796 0.3829075 0.3769387 0.376781 0.394525 0.3946943 0.3949767 0.3950542 0.4041872 0.4163985 0.4172867 0.4180523 0.4183715 0.461257 0.4667623 0.465569 0.4655462 0.467146 0.469431 0.4704859 0.4711537 0.4697312 0.4708837 0.472547 0.4739777 0.489969 0.4951048 0.4999643 0.5044217 0.5088113 0.5098389 0.4971029 0.4974419 0.4984033 0.4988149 0.4990706 0.499157 0.4992612 0.4992272 0.4998223 0.5019779 0.5215601 0.5268911 0.5270104 0.5244392 0.5608743 0.5590611 0.5582842 0.5580226
0.2903483 0.2903346 0.2922536 0.2961214 0.3281429 0.3453004 0.3469877 0.3482813 0.3870301 0.3880935 0.3891288 0.3892203 0.3898228 0.3833933 0.383682 0.4073908 0.404672 0.4049245 0.4041623 0.425126 0.4260984 0.4265451 0.427873 0.4233007 0.4652486 0.4664105 0.4649633 0.4655594 0.4682718 0.4699253 0.4709106 0.4713115 0.47004 0.4710123 0.4728296 0.4739888 0.4910219 0.4946261 0.4990532 0.5076118 0.5110246 0.5127434 0.5095209 0.5016723 0.5015893 0.5008639 0.5005191 0.5002677 0.5161138 0.5160533 0.5161183 0.5171408 0.5227553 0.5250065 0.5305942 0.530726 0.5623274 0.5628427 0.5621933 0.5592845
0.2909841 0.2905703 0.29186 0.3226981 0.3260938 0.3638211 0.3739766 0.3748798 0.3873846 0.3882843 0.3892015 0.3893041 0.3901216 0.3909031 0.3911708 0.4078189 0.4080952 0.4046551 0.4256173 0.4259671 0.426487 0.4277438 0.4280533 0.4280874 0.4344268 0.4656634 0.4639005 0.4786301 0.4693367 0.4708578 0.4712244 0.4713348 0.4702229 0.4709856 0.4949423 0.487777 0.4917872 0.4950067 0.5024248 0.5069095 0.5111468 0.5123765 0.5087515 0.5053508 0.5028995 0.5212622 0.519201 0.5184934 0.5176867 0.5168499 0.5202505 0.5205763 0.5215505 0.5253167 0.5270871 0.5313215 0.5645946 0.5623195 0.5631664 0.5587655
0.2901275 0.2963044 0.2963909 0.326313 0.3504635 0.3639525 0.3741841 0.3752527 0.3756119 0.3887427 0.3896122 0.3896782 0.3905667 0.3907156 0.3909513 0.4069872 0.4070347 0.4287089 0.4289341 0.4292859 0.4266226 0.427864 0.4281862 0.4288022 0.4350858 0.4360271 0.476402 0.4777294 0.4827571 0.4833543 0.4906737 0.4908321 0.4905643 0.4910689 0.4920269 0.4968351 0.4947842 0.4985625 0.5013779 0.5047687 0.5095739 0.5112802 0.5284761 0.5270509 0.5250822 0.5230433 0.5216794 0.5204472 0.519391 0.5215725 0.520919 0.5208511 0.5206395 0.5230323 0.5249343 0.5620422 0.5633023 0.56259 0.5623109 0.5604375
0.2908116 0.2968168 0.3290927 0.3543797 0.3502498 0.3542478 0.3748068 0.3759737 0.3762779 0.3891598 0.3900399 0.3900819 0.3909212 0.3905421 0.3910001 0.4075605 0.4286985 0.4290091 0.4293075 0.4296792 0.4300677 0.4314618 0.4302224 0.4309787 0.4352042 0.4774135 0.4781685 0.4805542 0.482202 0.4831949 0.4900092 0.4885035 0.4895751 0.4902542 0.4905358 0.4933177 0.4966441 0.4995716 0.5012031 0.5187388 0.5228687 0.5261731 0.5276503 0.5271187 0.5257402 0.5241535 0.5227444 0.5212277 0.519711 0.5218978 0.5210429 0.5205295 0.5199024 0.5207236 0.5217537 0.5583758 0.5599259 0.5610805 0.558727 0.5586582
0.3082528 0.3249249 0.3536051 0.3553187 0.3509912 0.3549647 0.3749797 0.3759786 0.3768744 0.389809 0.3901519 0.3902256 0.3910751 0.3913973 0.3989799 0.4161727 0.4293954 0.4301524 0.4304578 0.4308628 0.4313626 0.4315742 0.4309 0.4312756 0.4317407 0.4366258 0.4796652 0.4821893 0.4816665 0.4825436 0.4976715 0.4976323 0.4898591 0.4900956 0.4908699 0.496635 0.5154722 0.5130243 0.5159623 0.5187451 0.5222577 0.5245763 0.5265401 0.5263155 0.5242162 0.5232289 0.5217291 0.5234789 0.5221853 0.5204123 0.5194197 0.5187754 0.5184916 0.5322421 0.5343314 0.5348377 0.5564839 0.5561752 0.5798204 0.5789751
0.319278 0.3424984 0.3646114 0.3682755 0.3683835 0.3558203 0.3569714 0.375997 0.3960473 0.3965752 0.3975171 0.3977125 0.3980474 0.3988917 0.4001022 0.4174966 0.417152 0.4302893 0.4309205 0.4309074 0.4314987 0.4319097 0.4378764 0.4383135 0.4388361 0.4407352 0.4753546 0.4823238 0.4975406 0.4966786 0.4973355 0.4974492 0.498378 0.4988087 0.5070256 0.5109786 0.5160943 0.5203436 0.5146756 0.5167776 0.5187084 0.5219038 0.522723 0.5231712 0.5243998 0.5242564 0.5248658 0.5232446 0.5216708 0.5201053 0.519092 0.5179799 0.5318545 0.531507 0.5342291 0.5341027 0.5763056 0.5768067 0.5745046 0.5766968
0.3199893 0.3430057 0.363921 0.3682335 0.3702674 0.3715093 0.3768206 0.3983355 0.3965216 0.3971976 0.3975887 0.3978881 0.3983785 0.399312 0.4004839 0.4179726 0.4181051 0.4304621 0.4314303 0.4313427 0.4320472 0.438088 0.438605 0.4386589 0.4398268 0.4407751 0.4425256 0.4878509 0.4889748 0.4986518 0.4973569 0.4973823 0.4975512 0.4986286 0.5070545 0.5110696 0.5257801 0.5282302 0.5288925 0.5309576 0.5334896 0.5359966 0.5205134 0.5231979 0.5228952 0.5226313 0.5221176 0.5219843 0.5207701 0.5194725 0.518585 0.5302482 0.5316459 0.5297439 0.5331964 0.5751043 0.5749853 0.5754399 0.573726 0.5751983
0.3367581 0.3441252 0.3657277 0.3703789 0.3726975 0.3755102 0.3767825 0.3972595 0.3990049 0.3968238 0.3978328 0.3980002 0.3987166 0.3997168 0.4004862 0.4175067 0.4178282 0.4180804 0.4322002 0.4321204 0.4328226 0.4389268 0.4394274 0.4399815 0.4407265 0.4420256 0.4512856 0.4888205 0.4897395 0.4894264 0.4992664 0.4966094 0.4974546 0.4987132 0.5165267 0.5185072 0.5220724 0.5257938 0.5281961 0.530358 0.5309722 0.5314306 0.5341686 0.5368322 0.538011 0.5385351 0.5387031 0.5209854 0.5205919 0.5196476 0.5433982 0.5291439 0.5306733 0.5317705 0.5757237 0.5753806 0.575285 0.5759047 0.571726 0.5735252
0.3421782 0.3450409 0.3685389 0.3717791 0.3730321 0.3744133 0.3763529 0.3970817 0.3982524 0.3964217 0.3975591 0.3977453 0.3989471 0.3996152 0.4006521 0.4244965 0.4252375 0.4257548 0.4263972 0.4339012 0.4394436 0.4399173 0.4404652 0.4404051 0.441402 0.4420702 0.4514073 0.4527248 0.4896506 0.4645927 0.4648424 0.5066328 0.5047079 0.5049616 0.5134448 0.5142514 0.5202816 0.5234301 0.5261035 0.5270278 0.5287087 0.5301576 0.5350701 0.5353957 0.5362555 0.5376701 0.5378147 0.5378547 0.5372944 0.5438208 0.5551142 0.5552375 0.5523603 0.5637258 0.565368 0.5758677 0.576282 0.5728709 0.5728126 0.572418
0.3428358 0.3463455 0.3511598 0.3724849 0.3738033 0.3742834 0.3746924 0.3964255 0.3971449 0.3995257 0.3972703 0.3983499 0.3990335 0.4003451 0.4275087 0.4290703 0.429533 0.4214042 0.4225049 0.4332015 0.4401296 0.4409894 0.441599 0.4415862 0.4421091 0.451257 0.451555 0.4520009 0.4633651 0.4640171 0.4639038 0.5067059 0.5066919 0.5037807 0.5126383 0.5136057 0.5156589 0.5215533 0.5232694 0.5251437 0.5264306 0.52829 0.531545 0.5347307 0.5360887 0.5363138 0.5363699 0.5366086 0.5558588 0.5554892 0.5559335 0.557712 0.5576 0.5601739 0.5635146 0.5747423 0.5757727 0.572802 0.57416 0.5724064
0.3441558 0.3484958 0.3808706 0.3827716 0.3805954 0.3804797 0.3803744 0.3945057 0.3971585 0.3988433 0.399166 0.3987911 0.3999235 0.4279879 0.4287799 0.4291492 0.4292502 0.4305244 0.436539 0.4343393 0.4453787 0.4418992 0.4423656 0.4421959 0.4422227 0.4515189 0.4513693 0.4514721 0.4510642 0.4628742 0.4796412 0.4799753 0.4797342 0.4799007 0.5128731 0.5126232 0.5141795 0.516654 0.5222814 0.5245778 0.525853 0.5294859 0.529808 0.5331466 0.534945 0.5356301 0.5473312 0.548696 0.5552275 0.5553833 0.5561599 0.5575012 0.5574489 0.5601051 0.5624226 0.5731369 0.5741892 0.5718334 0.5720137 0.5771535
0.3396111 0.3512625 0.3817951 0.3836316 0.3836637 0.3811865 0.3807053 0.3840328 0.3975701 0.3965025 0.3999782 0.4018838 0.4244352 0.4290864 0.429545 0.4300746 0.4300735 0.438946 0.4399341 0.4322747 0.4326749 0.4470023 0.4468524 0.4472187 0.4516793 0.451533 0.4516587 0.4515299 0.4507783 0.4787053 0.4790644 0.4793278 0.4791374 0.478855 0.4792691 0.5119987 0.5136792 0.5150303 0.5175645 0.5197406 0.5211352 0.5275077 0.5284593 0.5296867 0.5456425 0.5473279 0.5484362 0.5486625 0.5539633 0.5553131 0.5580679 0.5579537 0.5560576 0.5588233 0.5579917 0.5739946 0.5740092 0.5728071 0.5893474 0.5897157
0.3265615 0.3820971 0.3844036 0.3851058 0.3850474 0.3846473 0.3923571 0.3920755 0.4068325 0.4093143 0.4149072 0.42924 0.4304416 0.4442945 0.4447272 0.445302 0.4392424 0.440817 0.4407689 0.4415131 0.4334251 0.4500759 0.4473826 0.44774 0.4493868 0.451919 0.4523367 0.4518355 0.4674415 0.478092 0.4778988 0.478755 0.479084 0.4780378 0.4784853 0.4793804 0.5134432 0.5152588 0.5172739 0.5179217 0.5202314 0.5267854 0.5275037 0.5377004 0.5442243 0.5479628 0.5475869 0.5477561 0.5529484 0.5555319 0.5574448 0.5568452 0.5562188 0.5568314 0.5575786 0.5620946 0.5861251 0.5849432 0.5885763 0.5925969
0.3635833 0.3874155 0.3851973 0.3853574 0.3929177 0.3931592 0.3939734 0.3980391 0.3980886 0.4081582 0.4146095 0.4430228 0.4441984 0.4443757 0.4447941 0.4457415 0.4393369 0.4413678 0.4416814 0.4420105 0.4457079 0.446008 0.460047 0.4600782 0.4598044 0.4651176 0.4655487 0.4652002 0.4678429 0.4667175 0.4780165 0.4779512 0.4780986 0.4775827 0.4782881 0.4783498 0.4816628 0.5160507 0.5172388 0.519245 0.5205575 0.5330151 0.5393837 0.5405243 0.5429817 0.5462022 0.5464581 0.5520926 0.5544738 0.5550631 0.5559219 0.5562769 0.557936 0.555372 0.5579668 0.5884502 0.588276 0.5885614 0.5918621 0.5917378
0.3858531 0.3880906 0.3890656 0.394558 0.3937269 0.394026 0.3947191 0.3981742 0.3988815 0.4195948 0.4245403 0.4429108 0.4440965 0.4445205 0.4444706 0.4462763 0.4551314 0.4409187 0.4418442 0.4460644 0.446352 0.4453168 0.4459252 0.4597953 0.4599605 0.4652988 0.4656794 0.465251 0.4686023 0.4673187 0.4782099 0.4778682 0.4777576 0.4780776 0.4787928 0.4805626 0.4825801 0.5172766 0.520603 0.5283716 0.5312316 0.535237 0.5364025 0.5378704 0.5429385 0.5453993 0.5455556 0.5526822 0.5535407 0.5542229 0.5571694 0.5562006 0.555992 0.5549361 0.5568793 0.5867984 0.5862301 0.5882691 0.5914715 0.5901331
0.3882384 0.3893495 0.390098 0.3948795 0.3949459 0.3953717 0.3949052 0.3997006 0.3998929 0.4256366 0.4264311 0.4412215 0.4446525 0.4455357 0.4544922 0.4540498 0.4552735 0.4554574 0.4567455 0.446261 0.4464382 0.4460923 0.4446615 0.4448522 0.4599909 0.4601291 0.4797801 0.4797189 0.4794052 0.476208 0.4755557 0.4783168 0.4786583 0.4788584 0.4790914 0.4806787 0.4817602 0.4929061 0.5021078 0.5305102 0.5351967 0.5367271 0.5379552 0.5391672 0.5397543 0.5410374 0.5457085 0.5555454 0.556334 0.5561018 0.5561249 0.5535039 0.553506 0.5547575 0.5865291 0.5883394 0.5871903 0.5874491 0.5900777 0.5917907
0.3900319 0.3904577 0.391138 0.3912712 0.3947325 0.3948914 0.3957256 0.4004771 0.4014049 0.4283131 0.4291303 0.4305127 0.4522981 0.4537793 0.4556125 0.4562756 0.4549259 0.4564083 0.4566121 0.4465632 0.4465283 0.4453952 0.4451976 0.4454677 0.4600765 0.4609727 0.4799525 0.4798637 0.4798398 0.478467 0.4759262 0.4850117 0.4852639 0.4851826 0.4797097 0.4908034 0.4921921 0.4955467 0.4985177 0.5050776 0.5367239 0.5385967 0.5394391 0.541441 0.5423347 0.5152572 0.5613316 0.5617694 0.561963 0.5626712 0.5616395 0.5537124 0.5536183 0.5542492 0.5833253 0.5885332 0.5870456 0.59582 0.5977526 0.5995093
0.3915034 0.391692 0.3910283 0.3917572 0.3960048 0.3957959 0.4011042 0.401223 0.4232526 0.428768 0.4299658 0.4496632 0.4538904 0.4552565 0.4560292 0.4564261 0.4568634 0.4567622 0.4541219 0.4536144 0.4529927 0.4458699 0.4458687 0.4455994 0.4462973 0.4798077 0.4801193 0.4805187 0.4801851 0.4788928 0.4890403 0.4859738 0.4854721 0.4855557 0.4864241 0.4913544 0.4961565 0.4981367 0.5007029 0.5090504 0.5110061 0.5422108 0.5172569 0.5175119 0.5170675 0.5166355 0.5191813 0.5610748 0.5617729 0.5609639 0.5612552 0.5612901 0.5688401 0.5687054 0.57076 0.5596936 0.5948886 0.5972316 0.5978827 0.5977172
