SiB2_DBHM_derive_trans/DBHModel/MODEL/GEO_INPUT_DATA/precm.asc
ncols         221
nrows         126
xllcorner     -457500
yllcorner     -1500500
cellsize      10000
NODATA_value  -9999
[rows 52 to 77 of 126, columns 120 to 179 of 221]
0.3929327 0.392282 0.392483 0.3927163 0.3913418 0.3969108 0.4019443 0.4231887 0.4283245 0.4299381 0.4315833 0.4516946 0.4560515 0.4564507 0.4568687 0.4573173 0.4576096 0.4584553 0.4551383 0.4542373 0.4530479 0.4529848 0.4472643 0.446243 0.4484116 0.4690393 0.4829437 0.4831417 0.4821829 0.4818251 0.4892291 0.4891194 0.4865379 0.4982985 0.499036 0.5057161 0.4984559 0.501029 0.5069802 0.5101774 0.5108849 0.5174778 0.5184375 0.5189531 0.5189928 0.5189072 0.5206466 0.5617362 0.5607952 0.5609332 0.561144 0.5337191 0.5693544 0.5690751 0.5592572 0.5599972 0.5588825 0.5967909 0.5972369 0.5975294
0.3972377 0.3980473 0.3984507 0.3979644 0.3926937 0.4021933 0.4243159 0.4241572 0.4303577 0.4311816 0.4324444 0.4524749 0.4559419 0.4565467 0.456205 0.4565513 0.4577098 0.4581144 0.4597939 0.4552428 0.454119 0.454086 0.4490265 0.4507352 0.4499775 0.4691061 0.4829138 0.4825897 0.4822122 0.4819736 0.481828 0.4939604 0.4936586 0.5011576 0.5061191 0.5082089 0.5110676 0.5162247 0.5078418 0.5083544 0.5111966 0.5182998 0.5192612 0.5199068 0.5203151 0.5200343 0.519336 0.5329947 0.5328473 0.5344375 0.5345216 0.5347295 0.5345024 0.5339237 0.5592141 0.5608059 0.560077 0.5625035 0.5760978 0.5774643
0.3981293 0.399359 0.3994307 0.398487 0.3982597 0.4179386 0.424808 0.4256921 0.4307818 0.4312991 0.4609231 0.4617482 0.4552914 0.456443 0.4570594 0.4568776 0.4598913 0.4596762 0.4606275 0.4602963 0.4596084 0.4592001 0.4500471 0.4507044 0.4688653 0.4691989 0.4686195 0.4824879 0.4814745 0.481778 0.4817877 0.4823797 0.4941022 0.5018542 0.5068883 0.5094695 0.512105 0.5139784 0.5138658 0.5142267 0.5233462 0.5264194 0.5203103 0.5204991 0.5206036 0.5346027 0.5346573 0.5337666 0.5335091 0.5346386 0.5353783 0.5353484 0.5349193 0.5363004 0.5604407 0.5609567 0.5733918 0.5739049 0.5761968 0.5764781
0.399556 0.4002449 0.400959 0.3997411 0.4188376 0.4181153 0.4256439 0.4251773 0.430163 0.4604239 0.460253 0.4684584 0.4691162 0.4554131 0.4572806 0.4575735 0.4594868 0.4600566 0.4612656 0.4611487 0.4607368 0.4602229 0.4602301 0.4663887 0.4697511 0.4697715 0.4686688 0.4682923 0.4817351 0.4815845 0.4901659 0.491254 0.498155 0.5061716 0.5069203 0.508779 0.5115292 0.5101767 0.5144343 0.5150223 0.5240511 0.525578 0.526825 0.5383636 0.5350041 0.5348996 0.534322 0.534045 0.5334038 0.5364473 0.5359839 0.5353324 0.5363812 0.5363524 0.5734513 0.5727426 0.5735804 0.5738682 0.576621 0.5874946
0.4004695 0.4014094 0.4276834 0.4276668 0.4274074 0.4275309 0.426666 0.430828 0.4613497 0.4611053 0.4687046 0.4685223 0.4688339 0.4709731 0.4569392 0.4583395 0.4598202 0.4610038 0.4604813 0.4615763 0.4614641 0.4608344 0.466488 0.4670808 0.4673848 0.4701798 0.4691268 0.4683897 0.4877443 0.4905042 0.4920785 0.4934288 0.5062017 0.5067915 0.5077224 0.5090266 0.5116922 0.5141132 0.5143889 0.5155847 0.524326 0.5254542 0.5388744 0.538792 0.5349497 0.5344887 0.5344878 0.5342416 0.5377225 0.5475181 0.5483897 0.5479786 0.5508052 0.5506436 0.5730011 0.5732517 0.5737324 0.5742532 0.5761524 0.5816606
0.4238536 0.428195 0.4292499 0.4289746 0.4289986 0.4282507 0.4404057 0.4625845 0.4624113 0.4705485 0.4699095 0.4688628 0.4695014 0.4710846 0.4733473 0.4592412 0.4602268 0.4613735 0.4613777 0.4615984 0.4624759 0.4624225 0.4680871 0.4680902 0.4688186 0.4714542 0.470165 0.4731446 0.4910226 0.4916068 0.4930919 0.4971563 0.506776 0.507345 0.5076138 0.5090684 0.5119223 0.5138866 0.5149115 0.5346691 0.5351489 0.5390125 0.5399927 0.5472189 0.5456019 0.5456783 0.5456242 0.5455071 0.5485399 0.5491515 0.5485279 0.548287 0.551784 0.5512456 0.5730007 0.5733793 0.5744454 0.5932609 0.5983449 0.6006348
0.4250128 0.4300704 0.4308503 0.4309127 0.430585 0.4343503 0.4422876 0.4679556 0.4720652 0.4722772 0.4723195 0.4709201 0.471559 0.4725466 0.4739896 0.4593541 0.4603328 0.4620854 0.4619913 0.4622368 0.4632472 0.466961 0.4706643 0.4710785 0.4710903 0.473336 0.4757026 0.4741963 0.4921594 0.4921742 0.4964398 0.4971652 0.5108669 0.5113684 0.5144311 0.515785 0.5114074 0.5277709 0.5294788 0.5351289 0.5352696 0.5388591 0.5398325 0.546794 0.5466647 0.546631 0.5462555 0.5455695 0.5501583 0.5500603 0.5498712 0.5498441 0.5635275 0.5637948 0.5662023 0.5935294 0.5942193 0.5974528 0.5993463 0.6015596
0.4278895 0.4328219 0.4326942 0.4324097 0.4322644 0.4358218 0.4492341 0.4700728 0.4696961 0.4740771 0.4744898 0.474581 0.4740871 0.4743417 0.4754846 0.4770362 0.4612672 0.4613789 0.4624928 0.4631242 0.4667341 0.4676386 0.4709391 0.4716683 0.4716607 0.474166 0.4775516 0.4761763 0.4929653 0.492818 0.4969615 0.510866 0.5108845 0.5114945 0.5146691 0.5160066 0.5183355 0.5279132 0.5292144 0.5335072 0.5347903 0.538381 0.5383412 0.5456524 0.5459144 0.5455012 0.5454707 0.5462384 0.5476081 0.552228 0.5524747 0.5670722 0.5663243 0.585099 0.585156 0.5954892 0.598804 0.598897 0.5983252 0.6008338
0.4528419 0.4540947 0.4424455 0.4410889 0.4421827 0.442472 0.4658055 0.4732572 0.4726509 0.4765538 0.47592 0.4760005 0.4760468 0.4763877 0.4773023 0.4780729 0.4858593 0.4866682 0.4876146 0.4858695 0.4859433 0.4864059 0.4864986 0.4719268 0.4719727 0.4842725 0.4755075 0.4933797 0.4943595 0.4972093 0.5108433 0.5110066 0.5115594 0.5124069 0.5147767 0.5177202 0.5200582 0.5271143 0.5286691 0.5322924 0.5335497 0.5357466 0.5443138 0.5444762 0.5469471 0.5469827 0.547416 0.5488297 0.5528491 0.5539685 0.5715061 0.5859722 0.5854796 0.5859864 0.5880637 0.5888267 0.599427 0.6002665 0.5999243 0.6011607
0.4584215 0.4592006 0.4555106 0.4427288 0.4434842 0.4469444 0.470834 0.470776 0.4779218 0.4814691 0.4808751 0.4815059 0.4812046 0.4811075 0.4814554 0.4891953 0.4881588 0.4876509 0.4889437 0.4867444 0.4868931 0.4867466 0.4863989 0.4862687 0.4844773 0.4845404 0.4847212 0.5038597 0.5132183 0.5149972 0.5144271 0.5147 0.5150133 0.5155072 0.5168383 0.5175863 0.5197946 0.5214331 0.5260555 0.5318111 0.5326453 0.5354072 0.5380872 0.5465394 0.5464286 0.5467339 0.5475042 0.5485591 0.5530947 0.5724152 0.5868015 0.5873035 0.5868165 0.5866294 0.5888467 0.5892887 0.5998964 0.5999686 0.6017783 0.6036032
0.4591409 0.4603677 0.4591445 0.4556947 0.4639415 0.4728279 0.4736653 0.474968 0.4823888 0.4861913 0.4859604 0.4862042 0.4865524 0.4944889 0.4941144 0.4937647 0.4954277 0.4911573 0.4906324 0.4889722 0.4880044 0.4875222 0.487893 0.4876449 0.4886007 0.4889343 0.4948094 0.5150988 0.5139909 0.5170451 0.5154759 0.5154477 0.5155118 0.5160354 0.5167298 0.5190549 0.5195848 0.5215452 0.5265793 0.5307315 0.5338924 0.5376992 0.5376952 0.5489244 0.5501434 0.5504845 0.564514 0.5656752 0.5709379 0.5864989 0.5873203 0.5882116 0.5878199 0.5890968 0.5896515 0.5899118 0.5902468 0.6015733 0.6046402 0.6044454
0.4598574 0.4599696 0.4605772 0.4638811 0.4672512 0.4940206 0.4906557 0.4971441 0.4978304 0.4985749 0.4872262 0.4891459 0.4980544 0.4980939 0.4979177 0.4972378 0.4974674 0.4956835 0.4945916 0.4898328 0.4893757 0.4892058 0.4890055 0.4885255 0.4812206 0.4893634 0.4953577 0.5140743 0.5170013 0.516952 0.5156934 0.5161013 0.5167086 0.517236 0.51779 0.5195574 0.5208331 0.5261294 0.5270531 0.5348111 0.5353101 0.5354847 0.5383309 0.5490406 0.5495398 0.556586 0.5660219 0.5726538 0.5857596 0.5878863 0.5883388 0.5879246 0.5877237 0.5884883 0.5890313 0.5900221 0.591805 0.6033247 0.6045648 0.6047066
0.4694487 0.4705352 0.4614662 0.4906515 0.49407 0.4967375 0.5050387 0.5166568 0.5163153 0.5012714 0.5127569 0.5116491 0.5119043 0.4998976 0.4994931 0.5004017 0.4999989 0.4973794 0.4955761 0.4941956 0.4897031 0.4895553 0.4894602 0.482139 0.4812683 0.5091615 0.507969 0.5111785 0.5233828 0.5230411 0.5240301 0.5248864 0.525679 0.5181212 0.5188236 0.5317103 0.5352122 0.5452669 0.5401768 0.5508072 0.5513072 0.5513849 0.5539352 0.5553201 0.5568981 0.5595301 0.5723485 0.5770494 0.5787866 0.5887199 0.5879868 0.5883009 0.5878664 0.5879267 0.5920218 0.5921513 0.5922518 0.6093145 0.6108005 0.6111771
0.4698965 0.4712729 0.5046217 0.498584 0.5017677 0.5058221 0.5075352 0.5182934 0.5188743 0.5199971 0.5159674 0.5150279 0.5124704 0.5014805 0.5008371 0.5014105 0.501322 0.4986643 0.4963019 0.4946903 0.4944079 0.4896783 0.4895583 0.4823871 0.4853362 0.5083635 0.5072958 0.5138261 0.5231601 0.5232333 0.5236431 0.524321 0.5249804 0.5257286 0.5413396 0.5426693 0.5446576 0.5458841 0.5499849 0.5515822 0.5519983 0.5515853 0.5545585 0.555643 0.5576823 0.5720087 0.5908979 0.5911737 0.5924715 0.5949733 0.5959693 0.5951515 0.5951329 0.5981802 0.5988232 0.5924196 0.5924344 0.6089786 0.6105997 0.6104186
0.5024875 0.5039194 0.5074692 0.5102947 0.5127639 0.5065444 0.5069028 0.5181534 0.5186034 0.5197229 0.520017 0.5127965 0.5121626 0.5116194 0.5121161 0.5115796 0.5060052 0.5039341 0.5010899 0.4996099 0.4994788 0.4935242 0.4821858 0.4859034 0.506251 0.5092184 0.5182902 0.5218385 0.5220121 0.5233528 0.5263785 0.5264032 0.5377218 0.5412823 0.5420193 0.5433293 0.5454469 0.5463867 0.5507615 0.5532941 0.5525232 0.5554202 0.5561036 0.5745392 0.5744367 0.5916946 0.5917547 0.5917965 0.5927401 0.5938956 0.5946805 0.5961435 0.5981056 0.5983771 0.5983658 0.5987948 0.5990793 0.6096302 0.6101978 0.6104186
0.5042528 0.5117525 0.5145783 0.5183647 0.51926 0.5204377 0.5084891 0.5189626 0.5197407 0.5199996 0.5199504 0.513253 0.513047 0.5125282 0.5132273 0.5179755 0.5148206 0.5068303 0.5037611 0.502696 0.5018678 0.4987732 0.5011627 0.5032935 0.5234874 0.5192537 0.5184479 0.5219036 0.5247492 0.5255525 0.5375996 0.5384121 0.5386559 0.5422431 0.5430169 0.5442268 0.5489038 0.5501878 0.5563519 0.5565597 0.5540426 0.55876 0.5743271 0.5752438 0.5752428 0.5917045 0.5911338 0.5909254 0.5915543 0.5927023 0.5933795 0.5952808 0.5976749 0.5983067 0.598754 0.5992184 0.5994821 0.6001505 0.6098956 0.6103976
0.51258 0.5132367 0.5169699 0.5180771 0.5203944 0.5216001 0.5216746 0.524498 0.5193234 0.52013 0.519594 0.5144773 0.5139281 0.5133969 0.5181184 0.5186189 0.5156474 0.513167 0.5112379 0.5030689 0.5054274 0.4985165 0.5100366 0.5305946 0.530108 0.5296637 0.5188065 0.5252033 0.5367494 0.5383247 0.5382954 0.538512 0.5412042 0.5417706 0.5445462 0.5489684 0.5492508 0.5550136 0.555798 0.5562829 0.5674915 0.5679311 0.5750158 0.5748578 0.5841236 0.5914077 0.5909234 0.5903291 0.5902135 0.590486 0.5917935 0.5933742 0.5933545 0.5967536 0.5978537 0.5986376 0.5991651 0.5998671 0.6000646 0.610284
0.5136849 0.5152168 0.5166689 0.5196252 0.5201253 0.5214865 0.5212079 0.5301512 0.530295 0.519671 0.5198754 0.5139857 0.5138581 0.5186066 0.5184523 0.5204373 0.5202265 0.5185033 0.5155424 0.5112106 0.5092412 0.508999 0.5099963 0.5306676 0.5332419 0.5329431 0.5326781 0.5363138 0.5372192 0.5376171 0.5382293 0.5387768 0.5413252 0.5412684 0.5451764 0.5465205 0.5506611 0.5550537 0.5558106 0.5570279 0.5746443 0.5763566 0.5760573 0.5841339 0.5901636 0.5935286 0.5928406 0.5926671 0.5924253 0.5922517 0.5953398 0.5932782 0.5936534 0.5946 0.5980231 0.5989155 0.599933 0.6016017 0.5997014 0.616101
0.5150908 0.5162169 0.5183764 0.5195843 0.5205326 0.5217992 0.5219378 0.5303971 0.5301961 0.5301456 0.5182647 0.5165886 0.5198908 0.5198037 0.5200472 0.5201411 0.5204183 0.5264584 0.5247676 0.5211851 0.518639 0.520027 0.5367585 0.5359482 0.5348729 0.5330607 0.5407827 0.5379556 0.5377931 0.5386659 0.5433864 0.5442956 0.5447035 0.5460767 0.5480551 0.5491579 0.5494338 0.5526878 0.5634301 0.5749459 0.5754359 0.5767518 0.5765235 0.5769531 0.592124 0.5933209 0.592916 0.5927998 0.5925981 0.592315 0.5950858 0.5948809 0.5940202 0.5935833 0.594303 0.5971587 0.5983546 0.6009802 0.601904 0.6064625
0.5287535 0.5161558 0.5183601 0.5202636 0.521122 0.5216296 0.538316 0.5374356 0.5316092 0.5321767 0.5320132 0.553873 0.5610195 0.5553389 0.5563644 0.5559059 0.5560063 0.527245 0.5300225 0.5272341 0.5684291 0.5702109 0.5692425 0.5358096 0.535126 0.5330595 0.5411859 0.5377589 0.538141 0.5432267 0.551909 0.5522895 0.5535874 0.5545702 0.5559389 0.5496834 0.5628045 0.5636497 0.5722377 0.5754429 0.5773225 0.5771809 0.5772853 0.5813542 0.5920536 0.5918956 0.5931322 0.5928702 0.5927816 0.594914 0.5949031 0.5955465 0.5960357 0.5952739 0.595667 0.5963561 0.6006243 0.6019931 0.6050741 0.606263
0.5309213 0.5414444 0.5422916 0.5210189 0.5378221 0.5382204 0.5386274 0.5382351 0.539968 0.5675453 0.5710703 0.5672103 0.5624567 0.5632076 0.5571017 0.5572109 0.564723 0.5759381 0.5745894 0.571692 0.5694565 0.5712839 0.5740724 0.5690005 0.5755573 0.5794283 0.5461047 0.5379125 0.538547 0.5449572 0.551865 0.5525131 0.5536603 0.5554271 0.5566099 0.562464 0.5630397 0.5628824 0.5744963 0.5760406 0.5764121 0.5779214 0.5780635 0.5942693 0.5937124 0.5922628 0.598841 0.5989019 0.5987142 0.5958679 0.5953385 0.5952457 0.5961285 0.5967973 0.5963689 0.6011406 0.6024458 0.6045435 0.6055883 0.6241964
0.5410693 0.5422686 0.5439757 0.5446533 0.5378723 0.5385661 0.5397545 0.53961 0.5409873 0.5683659 0.571788 0.5727113 0.5636381 0.5623544 0.562749 0.5808259 0.5818832 0.5814084 0.5754586 0.5723694 0.5738798 0.5719538 0.5752298 0.5779338 0.5859381 0.5808834 0.579668 0.5829481 0.5455436 0.5519935 0.5522541 0.5531288 0.5544078 0.5561311 0.5574768 0.5627319 0.563064 0.5637977 0.5769957 0.5771823 0.5761674 0.5782088 0.5783938 0.5948355 0.5941667 0.600159 0.5996047 0.599471 0.5992129 0.5989954 0.596584 0.5975336 0.5972262 0.5971717 0.6016214 0.6020992 0.6037337 0.605902 0.6197839 0.6252697
0.5443348 0.5421247 0.5442635 0.5581243 0.5584438 0.5591802 0.5597342 0.548136 0.6025178 0.5770448 0.5809628 0.5775791 0.5711917 0.5709503 0.5846694 0.5841975 0.5827912 0.5819135 0.5789124 0.5778657 0.5755074 0.5762098 0.5802519 0.578958 0.5873106 0.5865381 0.5855335 0.5842616 0.5837682 0.5561157 0.5541609 0.5545682 0.5557404 0.5574988 0.5682369 0.5689805 0.5697901 0.5661198 0.5774527 0.5769767 0.5767751 0.5771694 0.5853095 0.5948553 0.6011007 0.6008118 0.6005758 0.6002163 0.5998672 0.6000278 0.6001266 0.5978587 0.5979344 0.5980573 0.6039367 0.6041899 0.6059362 0.6188454 0.6242359 0.6246534
0.5455835 0.5463201 0.5567924 0.5578323 0.5592533 0.5614794 0.6019637 0.6025029 0.6036199 0.6061955 0.6088948 0.6055657 0.5990885 0.5931653 0.5903434 0.5831312 0.58254 0.5816711 0.5794341 0.5769123 0.5766612 0.5761835 0.58347 0.5864571 0.5879549 0.5882457 0.5866942 0.5855177 0.5588607 0.5596387 0.5577775 0.5634214 0.5677291 0.5682202 0.5689053 0.5692776 0.5706179 0.5722286 0.5777071 0.5772581 0.577098 0.5776079 0.6135204 0.6143678 0.6164514 0.6020263 0.6020888 0.6016032 0.6014586 0.6011189 0.601337 0.6013299 0.5989193 0.6047003 0.6059194 0.6189588 0.6191611 0.6243898 0.624895 0.6272141
0.5467589 0.5606483 0.5616392 0.558167 0.5999727 0.6007959 0.6019043 0.6024597 0.6044977 0.6071442 0.6094099 0.6058816 0.6050213 0.5991837 0.5885606 0.5867721 0.5838489 0.582705 0.5807344 0.5774669 0.5770493 0.5831096 0.5843273 0.5885229 0.590315 0.5935881 0.6005118 0.5990575 0.5974129 0.5972291 0.5980703 0.5868285 0.5689759 0.5696664 0.5693303 0.5696178 0.5708069 0.5719125 0.5721535 0.5765799 0.5772104 0.604954 0.6141881 0.6142707 0.6172405 0.6187965 0.6191983 0.6188897 0.6038087 0.6034476 0.6033729 0.6034616 0.6165882 0.6182609 0.6197413 0.622741 0.6224524 0.6254625 0.6278548 0.6283674
0.5605934 0.5612119 0.5628315 0.5638154 0.600196 0.6009288 0.6017683 0.6030793 0.6036938 0.6058595 0.6029259 0.6043977 0.604872 0.5998954 0.6068719 0.6065101 0.5872543 0.5847342 0.5893024 0.5895826 0.5880486 0.5871334 0.5861672 0.5934151 0.6028195 0.6021602 0.6011066 0.5990402 0.5992869 0.6001008 0.6001121 0.5976787 0.5880415 0.5873995 0.5700909 0.5694967 0.5696731 0.5705603 0.5695468 0.5805085 0.6032495 0.60468 0.6138571 0.6141734 0.6174898 0.6195148 0.6206177 0.6206574 0.6204717 0.6185221 0.6184118 0.6241997 0.6238453 0.6266013 0.6273527 0.6251497 0.6288398 0.6294102 0.6308703 0.6293803
