SiB2_DBHM_derive_trans/DBHModel/MODEL/GEO_INPUT_DATA/precm.asc
ncols         221
nrows         126
xllcorner     -457500
yllcorner     -1500500
cellsize      10000
NODATA_value  -9999
[rows 78 to 103 of 126, columns 120 to 179 of 221]
0.5762089 0.5766133 0.5631209 0.5998424 0.6004964 0.6019952 0.6029298 0.6035337 0.6030808 0.6048151 0.6027099 0.6047985 0.6049008 0.6102695 0.6076376 0.6075822 0.6071763 0.6037034 0.6060667 0.6039155 0.6025601 0.6021955 0.6012514 0.5965836 0.6024058 0.6046395 0.6011194 0.5999796 0.6000389 0.6011481 0.5987202 0.5994726 0.5997725 0.5971371 0.5963463 0.5867541 0.5883503 0.5801283 0.5953909 0.5995597 0.6034436 0.6044107 0.6144057 0.6152356 0.6172454 0.620469 0.6218072 0.6218919 0.6216618 0.6245077 0.6244056 0.6248502 0.6267649 0.6275796 0.6292213 0.6295197 0.6348894 0.6322065 0.6323152 0.6321248
0.5764747 0.5768083 0.578173 0.6011957 0.6016994 0.6022698 0.6028473 0.6024752 0.6047722 0.6067521 0.6039247 0.6049926 0.6147262 0.6177447 0.6111071 0.6120688 0.6169544 0.6175355 0.6172512 0.6098576 0.6046634 0.6035476 0.6029069 0.6034024 0.6067332 0.6069276 0.597896 0.5999829 0.6018242 0.6023669 0.6003633 0.6011758 0.6011783 0.5988821 0.5975392 0.597936 0.5989705 0.5871658 0.5967811 0.5989451 0.6011832 0.6050989 0.6127023 0.6159496 0.6181654 0.6264189 0.6272662 0.6277216 0.6277243 0.6256591 0.6252442 0.6271963 0.6283683 0.6292261 0.6300545 0.6309587 0.636274 0.6362693 0.6332453 0.6331536
0.5771697 0.5785729 0.5795711 0.6173416 0.6179925 0.6028766 0.6033949 0.602385 0.625178 0.6265364 0.6210036 0.6219886 0.6180462 0.6179798 0.6192551 0.6178494 0.6194149 0.6203296 0.6209237 0.6182751 0.6107188 0.6090912 0.6055779 0.6057087 0.6184712 0.610988 0.6017815 0.5993254 0.602236 0.6031065 0.6016913 0.6024993 0.6017207 0.5992458 0.5982146 0.5987328 0.6263251 0.6268996 0.6251812 0.6002711 0.6010588 0.624833 0.6139741 0.6139457 0.6185017 0.6277171 0.6283968 0.6288264 0.6294726 0.6289083 0.6309175 0.6295828 0.6303198 0.6305961 0.6312099 0.6365147 0.6367217 0.6360834 0.6373486 0.6368369
0.5783486 0.5788298 0.5797581 0.6181822 0.6195803 0.6198558 0.6212859 0.6211169 0.6249776 0.6269448 0.6220629 0.6231873 0.6187258 0.617911 0.620141 0.622913 0.6244744 0.6249718 0.6238562 0.6210781 0.6188341 0.6116972 0.6107758 0.6300946 0.6398495 0.6343648 0.6277561 0.640381 0.6403539 0.6421015 0.6029572 0.603687 0.6038079 0.6016351 0.6001748 0.627068 0.6280144 0.6288136 0.6293059 0.6306526 0.6358125 0.6372893 0.6214424 0.614559 0.6463393 0.6492235 0.6322213 0.6296867 0.6314669 0.6314388 0.6318391 0.6312627 0.6317156 0.6393721 0.637291 0.6374012 0.6444111 0.6440451 0.6426333 0.6422018
0.5786167 0.5791305 0.6170866 0.6183478 0.6198751 0.6225462 0.6224131 0.6240625 0.6245731 0.6270978 0.6225754 0.6229864 0.618333 0.6201826 0.6216739 0.6249557 0.6262013 0.6266254 0.6259537 0.6240175 0.6208157 0.6191862 0.6449786 0.6398408 0.645273 0.6545661 0.6533847 0.646141 0.642342 0.6430383 0.6436803 0.6437033 0.6054917 0.6290744 0.6289974 0.6290804 0.6300306 0.6341786 0.634617 0.6321692 0.6380881 0.6376073 0.6434888 0.6489558 0.6506202 0.6584308 0.6521572 0.6527787 0.6353891 0.6396569 0.6400249 0.6395676 0.6403556 0.6401175 0.6403384 0.6448247 0.6448094 0.6445645 0.6442239 0.642962
0.5791275 0.5794007 0.6186299 0.6197226 0.6203456 0.6230614 0.622916 0.6243077 0.6257654 0.6513562 0.623126 0.6247807 0.6199024 0.6231313 0.62445 0.6258555 0.6267408 0.6271398 0.6269792 0.6263042 0.6243083 0.648964 0.652849 0.6544811 0.6583816 0.6561022 0.6555285 0.6544636 0.6476499 0.6460621 0.6456787 0.6452718 0.6443906 0.6315247 0.6303546 0.630685 0.6324442 0.6348802 0.6368998 0.6391003 0.6410911 0.6441939 0.6452146 0.6513073 0.6599029 0.6615176 0.661779 0.6634515 0.6663461 0.6625103 0.6404795 0.6400588 0.6403336 0.6403615 0.6404957 0.6456241 0.6456107 0.6456284 0.6456704 0.6453788
0.5796849 0.6235709 0.6248403 0.6199594 0.6206941 0.6224248 0.6232038 0.6239337 0.6502891 0.6512372 0.6525742 0.6253166 0.6472363 0.6230834 0.6256272 0.6270044 0.6273141 0.6272486 0.6276181 0.6273929 0.6257715 0.650629 0.6463884 0.6577438 0.6599976 0.6579359 0.6563815 0.6553213 0.6543796 0.6492394 0.6485407 0.6478261 0.6462982 0.6345834 0.6335991 0.6334744 0.6333905 0.6364831 0.645098 0.6462638 0.6477309 0.6464201 0.6481249 0.6544397 0.6645972 0.6647078 0.6648332 0.66544 0.6677552 0.6667712 0.666223 0.6412879 0.6455268 0.6461871 0.646288 0.6463668 0.646655 0.6466069 0.6467887 0.6467529
0.6240789 0.625654 0.6255865 0.6198313 0.620745 0.6230207 0.6492317 0.6511993 0.6526677 0.6547107 0.6533136 0.6556797 0.6479157 0.6513408 0.6265072 0.6270185 0.6274506 0.6288269 0.6277339 0.6272042 0.6547336 0.6523616 0.6507148 0.6494252 0.6619022 0.6595751 0.6572086 0.6561462 0.6551836 0.6566083 0.650054 0.6497546 0.6483281 0.6388609 0.6383877 0.6368446 0.6386148 0.6384876 0.6464977 0.6472854 0.65409 0.6575575 0.6554935 0.6657631 0.6667759 0.6680837 0.6687115 0.6683142 0.6744846 0.6739392 0.6723992 0.6721698 0.6723717 0.649218 0.6483175 0.648408 0.6482688 0.6471435 0.6468751 0.6466574
0.6252778 0.6255082 0.6257738 0.6260042 0.65961 0.664236 0.6524019 0.6527678 0.6542328 0.6558967 0.6570492 0.6569631 0.6491889 0.6524374 0.6347816 0.6283474 0.6289387 0.6293739 0.6293776 0.6564524 0.6562064 0.6554675 0.6524803 0.6493979 0.6643202 0.6615247 0.6595024 0.6581852 0.6579809 0.6591876 0.6578788 0.6518082 0.6408349 0.6429408 0.6435853 0.6416538 0.6477336 0.6410636 0.6483427 0.6555995 0.6568183 0.660157 0.6633496 0.6689994 0.6694223 0.6737973 0.6742323 0.6773483 0.6771925 0.6761511 0.6746048 0.6738236 0.674464 0.6750584 0.6514736 0.651172 0.6505526 0.648251 0.6478216 0.6475322
0.6450577 0.6443911 0.6457918 0.6456053 0.6804807 0.6837406 0.6843599 0.6844501 0.6537483 0.6560521 0.6571864 0.6908513 0.6600438 0.6617642 0.6539302 0.6480576 0.6500771 0.6512627 0.6521277 0.6595519 0.6581346 0.6558714 0.6535248 0.6515827 0.6668647 0.6642339 0.6620837 0.6606777 0.6590876 0.6593469 0.6616055 0.6675547 0.6731067 0.654036 0.6556181 0.6530104 0.6532882 0.6510944 0.6586576 0.6593336 0.6605204 0.6626136 0.665864 0.6674253 0.6749291 0.6810501 0.6811017 0.6780277 0.6780012 0.6778626 0.6765827 0.6762411 0.6767938 0.6772645 0.677597 0.677763 0.6512237 0.6506009 0.6497424 0.6490311
0.6487259 0.6483471 0.6480569 0.680751 0.6815236 0.6854639 0.6844915 0.6844075 0.6865283 0.6888758 0.6895688 0.6917974 0.6622823 0.6616992 0.6534565 0.6484244 0.6505669 0.6533792 0.6548256 0.6604478 0.6592051 0.6576503 0.656248 0.6711661 0.6674545 0.6661773 0.6627887 0.6606478 0.6605471 0.6604655 0.6630448 0.6699961 0.6779981 0.6831473 0.6616049 0.6594092 0.6573945 0.6561841 0.6631803 0.6635213 0.664421 0.6651676 0.6687182 0.6756667 0.6841176 0.6825631 0.6810712 0.6817446 0.6790087 0.678802 0.6782705 0.6775576 0.6778091 0.6787945 0.6829624 0.6824381 0.6817058 0.6508785 0.6576878 0.656804
0.6544681 0.6539524 0.6526853 0.6659837 0.6652465 0.6858758 0.6849291 0.6845491 0.687992 0.6910253 0.6913537 0.6923278 0.6938853 0.693877 0.6524481 0.6541456 0.6493717 0.6525593 0.6541326 0.6819351 0.6810185 0.6789922 0.6772413 0.6768562 0.6581455 0.6666716 0.6642016 0.6614265 0.6611897 0.6628856 0.6710687 0.6736156 0.6855782 0.6868182 0.6853452 0.6647061 0.6614085 0.6612061 0.6589809 0.6670449 0.6666918 0.6671747 0.6775667 0.6829062 0.6882171 0.6845914 0.6813402 0.6825771 0.6822965 0.6794854 0.6796185 0.6789733 0.6793897 0.6792773 0.6835607 0.6831496 0.6826764 0.6814394 0.6812645 0.6814962
0.6570234 0.6565086 0.6687824 0.667107 0.6669318 0.6891453 0.6878417 0.6892794 0.6934431 0.6934766 0.6921656 0.6916746 0.6924489 0.6925865 0.6922411 0.6510093 0.6476855 0.6508766 0.6488292 0.6786011 0.6789389 0.6776374 0.6788073 0.6779228 0.6783831 0.6740962 0.6682336 0.6633886 0.6721157 0.6737557 0.6741055 0.6765537 0.6877102 0.6878779 0.6880432 0.6656953 0.6635751 0.6636897 0.6625458 0.6694888 0.6685724 0.6757073 0.6788199 0.6839993 0.6881029 0.6858317 0.6828619 0.6825897 0.6832944 0.6829413 0.6796317 0.6789042 0.6794288 0.6803629 0.6840585 0.6936144 0.6934219 0.6911913 0.6920452 0.6919596
0.6899163 0.6905677 0.6900057 0.6704599 0.670046 0.6905554 0.6912516 0.6931402 0.7236021 0.7219626 0.7230241 0.7217897 0.694513 0.6941528 0.6910501 0.6506232 0.6450621 0.6479653 0.6740123 0.6743426 0.6768773 0.6759228 0.6785614 0.6810151 0.6811616 0.6882734 0.6744097 0.6809021 0.6779465 0.677644 0.6791397 0.6822373 0.6896322 0.6891847 0.689433 0.6906016 0.6688065 0.6684726 0.6639255 0.6670131 0.676625 0.6762027 0.6792919 0.6833215 0.6830477 0.6852567 0.6831343 0.6817663 0.682852 0.6835113 0.6828865 0.6893372 0.6894265 0.6899509 0.6946425 0.6938277 0.6942312 0.6944451 0.6973582 0.6924255
0.693576 0.6922657 0.692352 0.692296 0.6742058 0.7234014 0.7229646 0.723246 0.7250726 0.7247791 0.7240661 0.7244523 0.6957626 0.6933734 0.69319 0.6914008 0.6519405 0.6484885 0.6762506 0.6764198 0.6754294 0.6763315 0.680375 0.682033 0.6827493 0.687394 0.676127 0.6805144 0.6798236 0.6805822 0.6820856 0.6842685 0.6735463 0.6751577 0.6774251 0.6773027 0.6708141 0.6686642 0.6694556 0.6680537 0.6671278 0.6761764 0.6861197 0.6833578 0.6825575 0.6879177 0.6891663 0.6824254 0.6817525 0.6824084 0.6899753 0.6891321 0.6891044 0.6892985 0.6936134 0.694344 0.6937637 0.6941336 0.6978877 0.6927546
0.6960712 0.6964954 0.6950554 0.6952865 0.7040402 0.726077 0.726911 0.7262992 0.7261304 0.7262385 0.7261758 0.7262133 0.7181343 0.6958294 0.6964472 0.6964425 0.7170981 0.6828691 0.6778883 0.6787974 0.6776437 0.6781437 0.6805142 0.6834787 0.6848306 0.685008 0.6932334 0.6834769 0.6828735 0.683736 0.6834308 0.6850641 0.672708 0.6765718 0.6768925 0.6776361 0.6750168 0.6695142 0.6758341 0.6747417 0.6764807 0.6813207 0.6861959 0.6851911 0.6882318 0.6875899 0.6889039 0.6886247 0.6882432 0.6876602 0.6884761 0.6929625 0.6930166 0.6926201 0.6922923 0.6922684 0.6925294 0.6921946 0.6963902 0.6965602
0.727554 0.7281206 0.7020682 0.7101507 0.7114021 0.7218677 0.7278264 0.7277914 0.7449521 0.7462186 0.7467055 0.7477432 0.7461904 0.7458575 0.7191914 0.7205607 0.7215254 0.7114879 0.7092901 0.6799854 0.6786824 0.6788766 0.6799927 0.6830319 0.685617 0.6896418 0.6939202 0.7000334 0.6838726 0.6848843 0.6865881 0.6997569 0.676648 0.6768824 0.6776841 0.6766579 0.6846755 0.67655 0.6765977 0.6748202 0.6831441 0.6816761 0.6897646 0.6877799 0.6879709 0.6876901 0.6889276 0.6882681 0.6975937 0.6972176 0.693554 0.6925603 0.6921805 0.6921253 0.6917534 0.6913012 0.6916104 0.7000364 0.6992065 0.6953698
0.7369863 0.7365293 0.7557538 0.7382849 0.7356213 0.7328858 0.750946 0.7487749 0.7478615 0.7478408 0.7484602 0.7489591 0.7483288 0.7487845 0.7491822 0.7506648 0.7507178 0.7504537 0.7119797 0.7112462 0.7093238 0.6800652 0.6804122 0.6821182 0.6897461 0.6893116 0.6954498 0.6995165 0.7024338 0.6959352 0.6969844 0.6998363 0.7067028 0.6763917 0.6769363 0.6836517 0.6842803 0.6815983 0.676125 0.6851904 0.6823564 0.6814091 0.6886165 0.6881331 0.6875074 0.6877701 0.6872488 0.6980924 0.6978021 0.6970198 0.6963282 0.6920977 0.6916422 0.6909288 0.6907688 0.6916918 0.6949281 0.6995656 0.6993068 0.7043961
0.7624216 0.7606898 0.760506 0.7433365 0.7420549 0.7394828 0.7558141 0.7512327 0.7494681 0.748071 0.7493292 0.7499313 0.7511833 0.7513483 0.7511935 0.7514629 0.7519258 0.7516779 0.7484034 0.7128022 0.7105528 0.7105764 0.7107921 0.6830656 0.6903444 0.6925636 0.6953257 0.700791 0.7040046 0.6954784 0.6988343 0.6999992 0.7067386 0.7056291 0.683118 0.6833737 0.683459 0.6811385 0.6759947 0.6848191 0.6835546 0.6809793 0.6872787 0.688055 0.6919577 0.6915027 0.700968 0.6985754 0.697678 0.6968546 0.6983267 0.6978466 0.695636 0.6951249 0.6948199 0.7005885 0.6991685 0.7057597 0.7056626 0.7054888
0.7630461 0.7631615 0.7625936 0.7606547 0.7447187 0.7432347 0.7601312 0.7526818 0.7501367 0.7497147 0.7502456 0.7517838 0.7524785 0.7537885 0.7532923 0.7517027 0.7524888 0.7525176 0.7492957 0.749283 0.7131392 0.7118239 0.7115857 0.7192911 0.7196137 0.7219477 0.7231729 0.7068788 0.7072869 0.7010788 0.6993279 0.7078285 0.7076083 0.709841 0.7106653 0.6828936 0.6833708 0.681197 0.6983707 0.6980855 0.6834131 0.6819633 0.6865243 0.687066 0.7008908 0.7009435 0.7009153 0.7003739 0.7045665 0.7010724 0.6985874 0.6980089 0.6959115 0.6953002 0.7004524 0.7027186 0.7073492 0.7083603 0.7060162 0.7058977
0.7640399 0.7631673 0.7615969 0.7623984 0.7677534 0.7653061 0.7615581 0.7550119 0.7530014 0.7514985 0.7510231 0.7527551 0.7537921 0.7547286 0.7546532 0.753301 0.7539283 0.752211 0.7496078 0.7494649 0.747691 0.7181504 0.7232116 0.7232713 0.7229398 0.7226563 0.7232973 0.730059 0.707942 0.7255511 0.7008596 0.7081742 0.7086973 0.7155336 0.7145582 0.715154 0.6898672 0.6891107 0.6978484 0.6980129 0.6968004 0.6814846 0.6900375 0.6991665 0.7035098 0.7036999 0.7038089 0.7006757 0.7048799 0.7037549 0.7026246 0.6978372 0.6975675 0.7009666 0.7008908 0.7076145 0.7090755 0.7084296 0.7083835 0.7076206
0.7652423 0.7655104 0.7637782 0.7649511 0.769918 0.7689471 0.7637932 0.7569748 0.7539155 0.7526598 0.7504549 0.7523673 0.7540542 0.7545225 0.7553984 0.7549256 0.7546946 0.754465 0.7508948 0.7517868 0.7508791 0.7516387 0.7250475 0.7260649 0.7260851 0.7253034 0.7293644 0.7316897 0.7322917 0.7256789 0.7254686 0.7125117 0.7155461 0.7153293 0.7160531 0.715212 0.7181022 0.6898249 0.7006837 0.7005306 0.7004946 0.7056705 0.7069527 0.6992722 0.7035818 0.7038546 0.7037477 0.7036898 0.704696 0.7039496 0.7027146 0.6992697 0.6991557 0.701113 0.7077996 0.7083867 0.7088258 0.7086523 0.7083946 0.707962
0.7678391 0.7671013 0.7725033 0.7703521 0.7736337 0.7716516 0.7661851 0.7676286 0.7569578 0.7565632 0.7566348 0.7546534 0.755766 0.7565311 0.7565499 0.7556458 0.7556208 0.754774 0.7546424 0.7528209 0.7582405 0.757841 0.7574754 0.7272605 0.7279068 0.7278035 0.7289402 0.7322658 0.7503815 0.7500594 0.7327557 0.7352572 0.7159461 0.716284 0.7167209 0.7170858 0.7182093 0.7231598 0.7005293 0.7002174 0.7021165 0.7055126 0.7102204 0.7025498 0.7054672 0.7036743 0.7036169 0.7033131 0.7026469 0.7039577 0.7025588 0.7018424 0.6990321 0.7030128 0.7075009 0.7080259 0.7082879 0.7083383 0.7085277 0.7084332
0.7702705 0.7711107 0.7864745 0.7865607 0.7878367 0.7738104 0.7771438 0.7710293 0.7673317 0.7669125 0.7576061 0.7565595 0.7562341 0.7575971 0.7568794 0.7564403 0.7568146 0.7567481 0.7562801 0.7583891 0.7583327 0.7593859 0.7591233 0.7598928 0.758855 0.7593216 0.7629499 0.7312578 0.7505671 0.7561619 0.7583031 0.7394065 0.7367156 0.7209909 0.7180215 0.7179825 0.7232817 0.7229963 0.7035445 0.7000863 0.7022566 0.7060318 0.7081039 0.7022507 0.7069181 0.7047036 0.7034837 0.703427 0.7026477 0.7038962 0.7026474 0.704035 0.70361 0.7030143 0.7076299 0.7082852 0.7084639 0.7087983 0.7107084 0.7107035
0.7848867 0.7855946 0.7867717 0.7862781 0.7882864 0.7849843 0.7808802 0.7764172 0.7725664 0.7700623 0.7687296 0.7708584 0.7686686 0.7600216 0.7604481 0.7607289 0.7609376 0.7628314 0.7579274 0.7600432 0.7589584 0.7598699 0.7608742 0.7603447 0.7584143 0.7596371 0.7645319 0.7658917 0.7538044 0.7564157 0.7586187 0.7398263 0.740007 0.7213988 0.7213357 0.7183672 0.7239289 0.7230487 0.7051315 0.7052638 0.7032356 0.7114947 0.7131805 0.7153524 0.7060365 0.7063267 0.7046624 0.7029104 0.7022241 0.7039158 0.7055082 0.7047794 0.7048633 0.7043414 0.7091184 0.7098727 0.7106075 0.7114072 0.7177892 0.7185624
0.7861695 0.7862393 0.7862325 0.7848836 0.787268 0.7859588 0.7862554 0.7838464 0.7760236 0.7720447 0.7699025 0.7722397 0.7708169 0.768446 0.7608417 0.7623634 0.7624545 0.7601256 0.7628778 0.7890976 0.7628341 0.7627773 0.7607986 0.7614191 0.7609674 0.7590793 0.7646083 0.7660306 0.7561131 0.7570647 0.7578008 0.7610332 0.7397315 0.7401527 0.7213548 0.7263099 0.7233046 0.7229487 0.7263674 0.7053744 0.7117012 0.7097909 0.7134606 0.7149901 0.7058955 0.7058027 0.7055568 0.7048956 0.7056371 0.7056836 0.7067584 0.7070069 0.7078436 0.7089328 0.7135051 0.7148075 0.7161145 0.7242132 0.7237843 0.7263201
