SiB2_DBHM_derive_trans/DBHModel/MODEL/GEO_INPUT_DATA/precm.asc
ncols         221
nrows         126
xllcorner     -457500
yllcorner     -1500500
cellsize      10000
NODATA_value  -9999
[rows 0 to 25 of 126, columns 120 to 179 of 221]
0.2379543 0.2385612 0.2389888 0.2396649 0.2578904 0.258294 0.2590726 0.2594779 0.2842758 0.284597 0.3131683 0.3135842 0.3136305 0.3143737 0.3149907 0.3155658 0.3153117 0.3151338 0.3177068 0.3147004 0.3149599 0.3148286 0.3159316 0.3160173 0.3156771 0.3149768 0.3147577 0.3359655 0.3362129 0.3366166 0.3372256 0.3428786 0.3437459 0.3467934 0.3939605 0.4021936 0.4085843 0.4105108 0.4117685 0.4131116 0.4227071 0.4240723 0.4245459 0.4277091 0.4278738 0.4275148 0.4280223 0.4280688 0.4277661 0.4274057 0.426834 0.424631 0.427973 0.42738 0.4300489 0.4299875 0.429456 0.4516643 0.4508908 0.4498605
0.2389774 0.2383895 0.2387212 0.2395015 0.2576436 0.2580873 0.258873 0.2622887 0.2845426 0.2844154 0.3131175 0.3137965 0.314322 0.3151636 0.3158471 0.3163169 0.3157916 0.3154416 0.3172383 0.314589 0.314901 0.3148685 0.3160953 0.3164695 0.3167059 0.3162892 0.3368334 0.3363811 0.3363885 0.336714 0.3400429 0.3408724 0.345951 0.348021 0.3969299 0.404993 0.4091955 0.4109615 0.4118223 0.4230058 0.4233396 0.4243827 0.4248684 0.4278988 0.4276084 0.4279886 0.4284397 0.4282942 0.4276374 0.4266838 0.4248802 0.4253206 0.4268402 0.4264461 0.4291954 0.4290372 0.4510903 0.450644 0.4498968 0.449353
0.2394518 0.238482 0.2385476 0.2585753 0.2587388 0.2592396 0.2587654 0.2623318 0.2846546 0.2847763 0.3137907 0.3151134 0.3153104 0.3158993 0.316346 0.3166827 0.3159091 0.315451 0.3170334 0.3144215 0.3148036 0.3148102 0.3161803 0.3167257 0.317186 0.3369688 0.3379979 0.3374828 0.3369876 0.3397639 0.3404556 0.3412618 0.3467634 0.3498098 0.3998037 0.4066351 0.4098286 0.4113145 0.422337 0.4235462 0.4234105 0.4246579 0.4250043 0.427527 0.4281027 0.4282926 0.4288701 0.4281137 0.4269653 0.4247502 0.4225529 0.4259759 0.4252307 0.4265423 0.4509783 0.4507158 0.4502214 0.4500988 0.4498482 0.4493883
0.2399676 0.2389414 0.2386509 0.2584751 0.258915 0.2594213 0.2600042 0.2629147 0.2855165 0.2858377 0.3147823 0.3157591 0.3156663 0.3161772 0.3164898 0.3166628 0.3159497 0.3153526 0.3171953 0.3146181 0.314522 0.3147464 0.3161817 0.3370926 0.3373314 0.3384775 0.3386549 0.3385263 0.3409342 0.3408281 0.3413205 0.3422043 0.3483291 0.3515021 0.401015 0.4062688 0.4098071 0.4215261 0.4228806 0.4230692 0.4238981 0.4243806 0.4258259 0.4263875 0.428351 0.4284312 0.4288052 0.4273064 0.4246928 0.4222043 0.4259693 0.4253742 0.4249775 0.4486694 0.4484824 0.4502348 0.4500329 0.4500571 0.4499439 0.4494815
0.2402436 0.2399551 0.2581499 0.2593231 0.259331 0.2600425 0.260969 0.263786 0.2646553 0.2861379 0.3152096 0.3157934 0.3156433 0.3161524 0.3165374 0.3167179 0.3159415 0.317769 0.3170919 0.3168894 0.3142781 0.3149118 0.3364222 0.3370127 0.3369013 0.3385235 0.3389705 0.3391599 0.3419954 0.3422128 0.3432865 0.3443106 0.3502063 0.3520948 0.3992952 0.4035088 0.4178815 0.4210218 0.4229323 0.4234292 0.4241473 0.4241294 0.4246875 0.4267436 0.4268872 0.4284046 0.4275246 0.4246301 0.4219067 0.4257527 0.4254082 0.4474092 0.4470957 0.446973 0.4481223 0.4482291 0.4502482 0.4502194 0.4499462 0.4496632
0.2383107 0.2407849 0.2584448 0.2597264 0.2600383 0.2608384 0.2616283 0.262601 0.2646943 0.2860332 0.3148844 0.3147909 0.3156065 0.3162586 0.3166715 0.3168467 0.316049 0.3177326 0.3168739 0.3167226 0.3140758 0.3349514 0.3360615 0.3370762 0.3369381 0.3386509 0.3392596 0.3422398 0.3426421 0.3434691 0.3446779 0.3459026 0.351089 0.3518854 0.3967201 0.4094035 0.4133417 0.4176966 0.4214566 0.4228738 0.4234378 0.4243754 0.4250687 0.4280608 0.4278913 0.4265502 0.4234443 0.4236632 0.4224745 0.4221818 0.447465 0.447599 0.4472603 0.446776 0.44823 0.4483146 0.4498607 0.4502732 0.4501559 0.4498974
0.2385404 0.2389691 0.2591486 0.2598312 0.2603927 0.2614109 0.262217 0.2626401 0.2630739 0.2861425 0.3142418 0.314164 0.3158531 0.316574 0.3169663 0.3170924 0.3162735 0.3177285 0.3169453 0.3167309 0.3340464 0.3340242 0.3353972 0.3374812 0.3386773 0.3391058 0.3421237 0.3425158 0.3428167 0.344077 0.34561 0.3464889 0.3513092 0.3516543 0.4058278 0.4078046 0.4100107 0.412978 0.4159234 0.4186927 0.4220961 0.4239167 0.4254994 0.4275297 0.4260918 0.4233348 0.4211863 0.423032 0.4417617 0.444226 0.447706 0.4470709 0.446919 0.4469523 0.4469384 0.4498518 0.4498608 0.4500058 0.451385 0.4511143
0.2388808 0.2389782 0.2591328 0.2597369 0.2604554 0.2618048 0.2625024 0.2629249 0.2634021 0.2909271 0.3137065 0.3131324 0.3164271 0.3169707 0.3172435 0.3172739 0.3190893 0.31808 0.3175211 0.3173672 0.3338341 0.3335656 0.3341702 0.3388426 0.3395372 0.3424223 0.3425923 0.3426992 0.3435603 0.34474 0.3461868 0.3511839 0.3514879 0.3515393 0.4058115 0.4078784 0.4096722 0.4114822 0.4122497 0.4140911 0.4187425 0.4219796 0.4234794 0.4229329 0.4229564 0.4212404 0.4398738 0.4424554 0.4421449 0.444749 0.4472502 0.4472569 0.4471506 0.4471602 0.4469077 0.4498155 0.4497048 0.4497742 0.4513095 0.4511215
0.2392712 0.2393297 0.2598497 0.2596132 0.2611186 0.2620291 0.2628571 0.2634373 0.2640698 0.2899192 0.3157165 0.315888 0.315948 0.3170388 0.3187306 0.3177112 0.3195811 0.3188767 0.3182841 0.3344218 0.3339519 0.3347065 0.3371184 0.3389566 0.340271 0.3430455 0.3428424 0.3434998 0.3441589 0.3457595 0.346778 0.3514648 0.3515487 0.4033606 0.4059314 0.4082497 0.410266 0.4116812 0.4106676 0.4122542 0.4152188 0.4179532 0.4200551 0.4200853 0.438324 0.4400759 0.4398998 0.4451307 0.4477205 0.4469129 0.4471225 0.4474623 0.447486 0.4473494 0.4471476 0.4500372 0.4495584 0.449486 0.4509932 0.451351
0.2399512 0.2396606 0.2599648 0.2601904 0.2609456 0.2621646 0.2631716 0.2639359 0.2647988 0.290948 0.3162999 0.3165303 0.3178827 0.318851 0.3195586 0.3200311 0.3203185 0.3196497 0.319288 0.3345892 0.3348695 0.3359632 0.3376173 0.3396889 0.3429384 0.3433791 0.3438463 0.3444406 0.3455711 0.3467789 0.3474871 0.3519839 0.3519692 0.4025035 0.405624 0.4090827 0.4112538 0.4100981 0.4113741 0.4135009 0.414389 0.415845 0.4178985 0.4380314 0.438119 0.440172 0.4453429 0.4446528 0.4474285 0.4473443 0.4474174 0.4474898 0.447734 0.4475474 0.4477984 0.4499599 0.4495542 0.4492286 0.4492603 0.451005
0.2405254 0.2597644 0.2601657 0.2603623 0.2610674 0.2624167 0.2635416 0.2645405 0.265594 0.2946684 0.3211889 0.3171079 0.318117 0.3191577 0.3199212 0.3200405 0.3225042 0.3222353 0.3401503 0.3396441 0.3361895 0.3372043 0.3385129 0.3433621 0.343756 0.3451703 0.3460323 0.3464786 0.347362 0.348091 0.3481974 0.3529783 0.4013069 0.4019332 0.4055187 0.4108594 0.411505 0.411423 0.4122645 0.4139974 0.4147899 0.43469 0.4365094 0.4380268 0.4384582 0.4425481 0.4448797 0.4476267 0.4477859 0.4477456 0.447724 0.4479512 0.4477865 0.4483548 0.4478274 0.4472927 0.4495551 0.4493313 0.449205 0.4507845
0.2407302 0.2600646 0.2605294 0.2613693 0.2614035 0.2625205 0.2638896 0.265019 0.2912864 0.2953507 0.3210402 0.3219831 0.3186108 0.3198128 0.3207012 0.3206136 0.3234341 0.343604 0.3430773 0.3437559 0.3432936 0.3401144 0.3443855 0.346802 0.3471565 0.3483327 0.3497158 0.3498055 0.3494708 0.3496808 0.3493946 0.3539854 0.4020907 0.4025624 0.4039445 0.41236 0.4130404 0.4146144 0.4310841 0.432823 0.4362546 0.4349506 0.4368316 0.4384056 0.4390211 0.4432419 0.4452625 0.4481561 0.4483182 0.448144 0.4485008 0.4483828 0.4483196 0.4476798 0.4478254 0.4471188 0.4496496 0.4494019 0.4519691 0.452186
0.2407696 0.2601278 0.2606945 0.2619951 0.2624794 0.2628168 0.2639931 0.2651677 0.2910808 0.3215906 0.321546 0.3225907 0.3237901 0.3248152 0.3213011 0.321474 0.3446879 0.3456527 0.3466274 0.3475992 0.3485426 0.3466965 0.3494377 0.3496307 0.350637 0.3515373 0.3521701 0.3524147 0.351926 0.3511434 0.3504999 0.4031405 0.4039959 0.406036 0.4081453 0.4120781 0.429321 0.4303349 0.4313271 0.4358234 0.4365736 0.4375747 0.4394321 0.4396891 0.4434616 0.4438221 0.4465968 0.4488699 0.4490306 0.4487164 0.4486081 0.448926 0.4486398 0.4477702 0.4480475 0.4477976 0.4494022 0.4522747 0.4523148 0.4767245
0.2407417 0.2602297 0.2611071 0.2627611 0.2633552 0.2631986 0.2642685 0.2653055 0.2911396 0.3216175 0.3221754 0.3234085 0.3246309 0.3257627 0.3261959 0.3276356 0.3463343 0.3484076 0.3495877 0.353125 0.3537305 0.3541958 0.3515048 0.3524122 0.3521535 0.3530538 0.3531871 0.3541533 0.353697 0.3524024 0.3513012 0.4047749 0.4056814 0.4073559 0.4094082 0.4269742 0.4288059 0.4302103 0.4340811 0.436014 0.4369014 0.437998 0.4383843 0.4402549 0.4440936 0.4446002 0.447264 0.4494479 0.4496006 0.4492771 0.4492303 0.4490318 0.4485479 0.4475039 0.4496562 0.449973 0.4501572 0.4786839 0.4786395 0.4788189
0.2407133 0.2604458 0.2621885 0.2639407 0.264074 0.2642044 0.2647268 0.2906501 0.2919741 0.3219584 0.3220366 0.3234519 0.3252226 0.3264616 0.3271415 0.3317392 0.3484207 0.3531409 0.3540487 0.3547327 0.3550065 0.3543827 0.3516698 0.3527071 0.3546309 0.3553477 0.3560366 0.3548889 0.3545627 0.3532085 0.3680726 0.4063457 0.40606 0.4278955 0.4255821 0.4271162 0.4286488 0.4300341 0.434072 0.4361831 0.4372582 0.4372473 0.438861 0.4430258 0.4442892 0.4477339 0.4479175 0.4479175 0.4499078 0.4496124 0.4495541 0.449209 0.448397 0.4499216 0.4494542 0.4730201 0.4763605 0.4761011 0.4787577 0.4788989
0.2476859 0.2611445 0.262854 0.2645108 0.2655302 0.2651551 0.2647887 0.2909478 0.2946431 0.3222514 0.3227476 0.3240195 0.3254733 0.3271773 0.3300883 0.3325776 0.3525556 0.354652 0.355467 0.355868 0.3552951 0.3558377 0.3525817 0.3526322 0.3570717 0.3565651 0.3566352 0.3565899 0.3552429 0.3698895 0.3687733 0.4234277 0.4270586 0.4287622 0.4262792 0.4276195 0.428817 0.4327503 0.4351477 0.4356155 0.4366618 0.437713 0.4413022 0.4429788 0.4442365 0.4478125 0.4481475 0.4482916 0.4502447 0.4498449 0.4496785 0.4515784 0.4507926 0.4501562 0.4732338 0.4759273 0.4760693 0.4729367 0.4733859 0.4744067
0.2389951 0.2597879 0.2638161 0.2649122 0.2655087 0.2650774 0.2646827 0.2904677 0.29489 0.3220677 0.3236275 0.3249431 0.329096 0.3289155 0.3305943 0.3479597 0.3532939 0.3555944 0.3565123 0.3571066 0.3566359 0.357435 0.3579218 0.3564798 0.3576505 0.3574824 0.3573636 0.3570797 0.3734641 0.3695294 0.3713884 0.4241635 0.4282948 0.4298103 0.426875 0.4278043 0.4326765 0.4338969 0.4376459 0.4360898 0.4373469 0.4409311 0.4415781 0.4426926 0.4464489 0.4471334 0.4476165 0.4511706 0.4507171 0.4494704 0.451647 0.4511338 0.4739048 0.4737512 0.4734374 0.4759871 0.4759475 0.4726863 0.4737742 0.4758394
0.2401359 0.2609508 0.2617173 0.2648215 0.2652662 0.2646407 0.289053 0.289664 0.2950391 0.3228711 0.3248051 0.3291666 0.3296856 0.3301102 0.3311667 0.3506706 0.3536817 0.3563982 0.3573486 0.3574544 0.3576141 0.3584189 0.3586409 0.3571771 0.3575731 0.3579571 0.3577095 0.3746419 0.3726402 0.3715671 0.4273064 0.4276378 0.4299759 0.4312944 0.4320617 0.4327756 0.4368649 0.43652 0.4380416 0.4407417 0.4414788 0.4417157 0.4423562 0.445398 0.4460972 0.4464659 0.4504357 0.450299 0.4522571 0.4520194 0.4747829 0.4735918 0.473821 0.4740281 0.4759077 0.4757709 0.4759983 0.4732166 0.4743513 0.4790895
0.241113 0.2610449 0.2623909 0.2627153 0.2653773 0.2642354 0.2917987 0.2914456 0.2940358 0.3242475 0.3289786 0.3293234 0.3302347 0.3306514 0.3315989 0.350659 0.3531209 0.3563512 0.3574029 0.3581641 0.3578714 0.3586668 0.3597704 0.3731898 0.3575886 0.3578044 0.3808763 0.3791879 0.3911667 0.3904301 0.3900936 0.4293047 0.4325387 0.4325675 0.4330011 0.4346877 0.4353731 0.4366027 0.4389484 0.4406213 0.4426966 0.443066 0.4437798 0.4458823 0.4594153 0.4636205 0.4634807 0.4632424 0.4649137 0.4646531 0.4737937 0.4727844 0.4757978 0.4764904 0.4768447 0.4760844 0.4763603 0.4741117 0.4762039 0.4815171
0.2420418 0.2616732 0.2623958 0.2651578 0.2760915 0.2777387 0.2927582 0.2932025 0.2976686 0.3308488 0.330195 0.3307094 0.3309574 0.3316434 0.3324625 0.361623 0.3538907 0.355819 0.3573656 0.3583368 0.3584473 0.3594358 0.3600599 0.3731583 0.373012 0.3810836 0.3798289 0.3786557 0.3913665 0.3908383 0.3905425 0.433392 0.4337114 0.431224 0.4340558 0.4369171 0.4372061 0.4377211 0.439003 0.4421149 0.4445854 0.46042 0.4609464 0.4599124 0.4640098 0.4639616 0.4637656 0.4656389 0.4633621 0.4726419 0.4726217 0.4724749 0.4753085 0.475824 0.4766089 0.4763975 0.477133 0.4756093 0.4786 0.4879769
0.2427443 0.2646048 0.2643403 0.2651048 0.2655393 0.276353 0.2941704 0.2956506 0.2988001 0.3314337 0.3311931 0.332081 0.3319775 0.3326632 0.3609978 0.3620637 0.3640832 0.3669816 0.3690405 0.3694551 0.3584591 0.359339 0.3722758 0.3729256 0.3723132 0.3902831 0.3892911 0.3923107 0.3918224 0.3912691 0.3911031 0.3912199 0.4367991 0.4450122 0.4475669 0.4380842 0.4380208 0.4367723 0.4389506 0.4606138 0.4619003 0.4620947 0.4619533 0.4617705 0.4618159 0.4606853 0.4619046 0.463992 0.472982 0.4726418 0.4726431 0.4727176 0.4728199 0.4757015 0.4803171 0.4808063 0.4821033 0.4817899 0.4864848 0.4897214
0.2464167 0.2659023 0.2666997 0.267401 0.2683102 0.2914905 0.2911718 0.2966688 0.2990407 0.3305441 0.331577 0.3327839 0.3323894 0.3331897 0.362422 0.3633248 0.3650052 0.3672221 0.3693624 0.3703159 0.3703825 0.382774 0.3830512 0.3723381 0.3905506 0.3897554 0.3892444 0.3928124 0.3922716 0.3917995 0.3912307 0.4446677 0.4462532 0.4488001 0.4491747 0.4492173 0.4483373 0.4488192 0.4587861 0.4641568 0.4638368 0.4636607 0.4601308 0.4597538 0.4596967 0.4611745 0.4609412 0.4642476 0.476377 0.4762945 0.4767664 0.4766408 0.4770229 0.4798497 0.4809916 0.4823772 0.4798855 0.4839146 0.4882843 0.4919614
0.26176 0.2665095 0.2673505 0.2685313 0.2695752 0.2928424 0.2919665 0.2940459 0.298046 0.3304204 0.3319828 0.332636 0.3339337 0.3633139 0.3641362 0.3652868 0.3665315 0.3682607 0.3687313 0.3696092 0.3703673 0.3836025 0.383072 0.3820834 0.3890362 0.3888757 0.3887765 0.3930084 0.3932597 0.3935893 0.4473538 0.4468741 0.447157 0.4497967 0.4511393 0.4500804 0.4509089 0.4582859 0.4621663 0.4625169 0.4623006 0.4616076 0.4611353 0.4609035 0.4606179 0.4618861 0.4730082 0.4769018 0.4769742 0.4774579 0.4774146 0.4803377 0.4804972 0.4806196 0.4818347 0.4832602 0.4860082 0.486845 0.4924634 0.4938622
0.2622397 0.267242 0.2684645 0.2694223 0.2695739 0.2937785 0.2935386 0.2942764 0.2960991 0.3317332 0.3335592 0.3344368 0.3644401 0.3653301 0.3661292 0.3668649 0.3673967 0.3673778 0.3683521 0.3688304 0.3820844 0.3823486 0.3819166 0.3816974 0.3890614 0.3891218 0.3925661 0.3928157 0.3932938 0.4462039 0.44778 0.4484589 0.4488214 0.4517257 0.4515933 0.4523523 0.4568671 0.4586857 0.4627179 0.4643104 0.4636707 0.4626061 0.4622028 0.4617617 0.4614087 0.4742495 0.4741568 0.4782912 0.4783604 0.4786092 0.4818513 0.481859 0.4821514 0.4828543 0.4832022 0.4844851 0.4843144 0.4896393 0.4938573 0.4928889
0.2663764 0.2676472 0.2693265 0.2708286 0.2714079 0.2940593 0.2948008 0.2954957 0.2978514 0.3279622 0.3341665 0.3648455 0.3657406 0.3666004 0.367284 0.3671646 0.3672318 0.3678846 0.3683792 0.3685806 0.3814065 0.3814043 0.3819007 0.3818416 0.4011863 0.4012515 0.4013795 0.4015457 0.4450149 0.4468083 0.4478007 0.4488385 0.4492841 0.4474493 0.4517783 0.4525766 0.4586835 0.4608543 0.4625342 0.4630563 0.4642182 0.4642286 0.4631028 0.4737527 0.473745 0.4764023 0.4767011 0.4805277 0.4809031 0.4834622 0.4838107 0.483999 0.4837377 0.4843812 0.4851194 0.4858913 0.4863825 0.491665 0.4939156 0.4948292
0.2672134 0.2689101 0.2707275 0.2709156 0.2723767 0.2947644 0.2959829 0.2968444 0.3250529 0.3262424 0.3567457 0.3723195 0.3667386 0.3670573 0.3676828 0.3676969 0.3680193 0.3684433 0.3687702 0.3813581 0.3811883 0.3815476 0.3933743 0.3936917 0.393605 0.4015034 0.4015326 0.4444815 0.4452907 0.447188 0.448108 0.449006 0.4476909 0.4487298 0.4521312 0.45945 0.4605991 0.4621441 0.4625297 0.4637805 0.4644974 0.4653433 0.4761936 0.4756379 0.4783436 0.4786474 0.4787362 0.480999 0.4849114 0.48495 0.4852297 0.4848947 0.4844115 0.4848664 0.4861332 0.4889137 0.4942088 0.4941798 0.4953221 0.4957205
