SiB2_DBHM_derive_trans/DBHModel/MODEL/GEO_INPUT_DATA/slope.asc
ncols         221
nrows         126
xllcorner     -457500 
yllcorner     -1500500
cellsize      10000
NODATA_value  -9999
[rows 54 to 80 of 126, columns 120 to 179 of 221]
0.5350226 0.7306283 0.7215596 0.5752543 0.5634621 0.3877327 0.1803901 0.2744949 0.3992913 0.3372832 0.4080534 0.3741349 0.3279444 0.2015804 0.1748983 0.2184497 0.1628679 0.1010066 0.3748882 0.7927154 0.3566875 0.5310546 0.6284108 1.037179 1.274645 0.9982712 0.5394037 1.38502 1.708412 2.30803 1.332687 0.9287842 1.031949 0.4084453 1.4072 1.536245 0.8195773 0.5201974 1.001192 0.7515267 0.5615327 0.766373 0.2397397 0.3385764 1.081354 0.887274 1.083909 0.8056207 2.414123 1.68504 1.049833 1.28004 0.6486944 0.3241009 0.1063449 0.06746712 0.03011437 0.01432394 0.02696937 0.02808735
0.5957513 0.6718073 0.5416582 0.3443668 0.4322333 0.549907 0.08009245 0.2704172 0.1773534 0.2841647 0.3492004 0.3635525 0.3008547 0.2542756 0.3280148 0.3711163 0.5234712 0.1677702 0.2138052 0.6514863 0.2454066 0.715799 1.086587 1.650816 1.517624 0.4508345 1.046834 1.33051 1.246449 1.463725 1.652516 1.649506 1.212953 1.224867 2.14136 1.529696 0.5843844 0.9100904 0.7846012 0.3105624 0.5088981 1.108868 0.1277201 0.1174387 0.8988796 1.702272 1.04037 0.5653013 1.968738 1.20614 0.9781213 1.470449 0.5747352 0.3352438 0.1853547 0.06317165 0.02835996 0.01090879 0.01154833 0.01145916
0.1090972 0.2063261 0.2081182 0.2208015 0.4032486 0.5504411 0.1531051 0.2214996 0.326287 0.2755338 0.3103014 0.3946126 0.3753544 0.2411349 0.03544995 0.1531955 0.6725557 0.4270391 0.4673466 0.1921138 0.3675877 0.6819636 1.24593 1.809352 0.8077313 0.8790625 1.286171 1.085169 0.8812577 0.9106475 0.4705969 0.9293323 1.875461 2.226631 2.094943 1.067432 1.199993 1.326384 0.4312128 0.09741326 0.2400796 0.9700361 0.730292 0.3888951 0.7103685 0.8098515 0.7565539 1.463547 2.235216 1.287591 1.07414 1.177204 0.4807497 0.3178544 0.2893714 0.05383401 0.04006865 0.02540229 0.01132407 0.006077135
0.08849015 0.1423519 0.1846755 0.3686132 0.6474187 0.3553982 0.1363446 0.2613699 0.207911 0.3762116 0.2505016 0.2872365 0.2883753 0.2185694 0.3013895 0.2965895 0.449701 0.6593081 0.1367953 0.6889589 0.686935 0.4603618 1.164649 1.750009 0.7275729 1.096236 1.374188 0.8789645 0.3411345 0.790302 0.7570764 2.136718 2.842259 1.867949 0.6612197 0.2655634 1.209674 1.593885 0.4249296 0.1640509 0.1437003 0.50644 0.7697908 0.4971522 0.8908097 1.142374 0.7173762 1.107936 1.410853 0.6941101 0.7597688 0.6948957 0.371866 0.3992142 0.2879427 0.05944866 0.05157613 0.0429957 0.04082952 0.037366
0.1519584 0.4249115 0.3536099 0.6594863 0.8023627 0.117966 0.251058 0.1704875 0.3646513 0.3891535 0.3435213 0.4695932 0.3940038 0.2134306 0.3479954 0.07163401 0.2023803 0.9221622 0.2346405 1.262309 0.7197956 0.6470796 0.9482278 1.340836 0.6268747 1.074877 1.164678 0.896036 0.3758829 0.4429845 0.3020678 3.194346 2.631127 1.539047 0.7040575 0.6928847 1.20258 1.600424 0.2887112 0.225868 0.130064 0.2019236 1.020624 0.878246 0.8720304 1.497905 0.8167487 0.4445933 0.8673435 1.140813 0.8705726 0.5069532 0.3431045 0.5193399 0.2261017 0.03979892 0.03165883 0.03294507 0.03726979 0.03818076
0.1333933 0.3860305 0.3143821 0.6289354 0.7225823 0.1962765 0.1732245 0.3391621 0.2995167 0.224499 0.3841004 0.6588047 0.3652037 0.1397041 0.2489406 0.1786329 0.3808726 0.8260812 0.4091981 1.395932 0.4285749 0.4218332 0.586584 0.9483414 0.2520856 0.7543593 0.9207493 0.8575145 1.335236 1.597719 1.677486 3.632438 1.76388 2.238923 1.460845 0.8981702 1.029049 1.069366 0.1661079 0.2604145 0.1828893 0.3804415 0.8745529 1.24318 1.327383 1.365862 0.6624866 0.2319051 0.3101691 0.8930311 1.126342 0.7533267 0.4758632 0.4787784 0.1630977 0.03080481 0.03021639 0.01676575 0.003202931 0.02025712
0.3034908 0.4612533 0.5531542 0.4243897 0.6235739 0.2985906 0.2849434 0.4399918 0.4388281 0.2629508 0.4365183 0.4901789 0.3856782 0.293495 0.2003399 0.3375021 0.5743022 0.6764084 0.5678477 1.317442 0.793161 0.2245013 0.09331468 0.7765917 0.6529025 0.6478305 1.195981 0.7361078 1.945307 0.6356804 2.163451 3.676558 2.096696 2.370982 1.602705 0.4299024 0.3662457 0.6665322 0.3179512 0.3146838 0.448447 0.5076903 0.4259941 0.9773111 1.277118 0.4894312 0.7432716 1.094957 0.9798785 0.712936 0.882667 1.06895 0.4586786 0.331403 0.1628175 0.02534164 0.02633425 0.01718873 0.01232192 0.02629527
0.2257385 0.1560978 0.1479078 0.3113245 0.5083273 0.3846888 0.3043616 0.2373465 0.1974931 0.2674074 0.6145555 0.4636478 0.3092118 0.131924 0.1419875 0.436543 0.5961455 0.7790515 0.2994277 1.13153 0.9493157 0.6688235 0.5577239 0.9106114 1.378296 0.1935422 1.334425 0.8301038 1.537768 1.196926 1.098964 3.141386 2.121656 1.94015 1.145837 0.1078203 0.2123899 0.6087574 0.266148 0.2390412 0.2608868 0.2387255 0.1317061 0.2166318 0.5385997 0.2592913 0.856144 0.3849128 1.785935 0.9798434 0.7437483 1.082475 0.3824584 0.3305987 0.1765301 0.03272637 0.03440729 0.02223674 0.01892171 0.02501569
0.3683989 0.1513869 0.4340545 0.28167 0.1233896 0.4891293 0.4355773 0.2183863 0.1204956 0.4237705 0.5900952 0.3672876 0.3170789 0.2837781 0.2528657 0.4335378 0.2537971 0.9448996 0.4161335 0.8702121 0.7972919 0.5543175 0.6500213 0.5950735 1.463525 0.5263283 1.12824 1.229107 1.221808 1.055065 0.8124112 2.497844 0.9632885 1.399809 0.7848985 0.5006711 0.2732701 0.4952421 0.2082143 0.2530299 0.4170384 0.1712919 0.1713189 0.1545556 0.6943901 0.8882768 0.9836867 0.4884882 1.632477 1.458583 0.8389766 1.006932 0.4189624 0.3150927 0.1374238 0.04449654 0.04255199 0.02691225 0.01867614 0.01911053
0.3475529 0.6493961 0.5278113 0.2925936 0.2337205 0.3009245 0.4932112 0.3658506 0.3331581 0.4070579 0.2778694 0.1329311 0.2639205 0.2006597 0.3888304 0.3870495 0.2764537 0.3012993 0.7560033 0.4508618 0.992471 0.3968936 0.5475254 0.5852894 1.213952 1.041803 0.6302127 1.507287 1.49267 0.9791771 1.351967 1.962007 0.6940444 0.6326104 0.4853081 0.5270829 0.5322893 0.1711841 0.2744949 0.3896711 0.3994095 0.1672925 0.1612569 0.3274639 0.5098948 1.485254 1.765649 1.327064 2.307811 2.022922 0.6945289 0.9195813 0.4315267 0.2066217 0.1445296 0.05004163 0.05089536 0.02658626 0.01154833 0.0196661
0.3861102 0.2580242 0.5080326 0.2676681 0.4703604 0.2895556 0.4554659 0.2660574 0.5348923 0.4369094 0.2548619 0.5858806 0.7387484 0.8701714 0.5060591 0.2210824 0.08001556 0.1910965 0.8910002 0.194826 0.9750294 0.494527 0.2837781 0.6094714 0.7296232 1.074304 0.3072866 1.495114 1.779607 1.112716 1.390207 2.032946 1.573211 0.8206509 0.3804105 0.08273855 0.6771389 0.4566434 0.723824 0.7645481 0.3728372 0.137737 0.1675376 0.4707767 1.085669 1.390534 0.8008831 0.9096153 3.089637 2.473052 0.3484314 0.5650508 0.5576863 0.2871936 0.2146193 0.06098197 0.04841619 0.02129407 0.0173373 0.02564346
0.6868096 0.5430729 0.3556737 0.07990651 0.5286763 0.5757542 0.4743962 0.1309131 0.3683766 0.4994034 0.6045804 0.5007408 0.2540556 0.5838137 0.4564278 0.4980366 0.6678044 0.4243897 0.9113325 0.3466826 1.245267 0.8832455 0.6473933 1.305773 1.257677 0.7184713 0.2290117 1.662787 2.395736 1.450007 1.163103 1.079902 0.8538128 1.056733 0.3486448 0.07698366 0.8120217 0.5520516 0.4775932 0.9024976 0.3983641 0.1211071 0.2631712 0.5134283 0.8986788 1.34368 0.3444413 1.629574 3.350366 2.078284 0.2277202 0.3616358 0.6635764 0.3961032 0.2184403 0.0863069 0.04461166 0.01281173 0.01132407 0.01185517
0.4061534 0.3358644 0.6890193 0.5766879 0.06847082 0.4629194 0.20799 0.2341437 0.3420714 0.1349948 0.2716927 0.1561306 0.4186293 0.4569264 0.339091 0.1359264 0.2731331 0.6450379 1.524115 1.139871 2.157366 0.4942801 0.7360521 1.574363 0.9762549 0.8025826 0.7771561 1.946336 2.437096 0.6214764 1.152537 0.9539065 0.7644596 0.9596317 0.3532906 0.2254679 0.787378 0.7866117 0.5560487 0.5790088 0.6195796 0.455128 0.3423652 0.4712635 0.7960122 1.037459 0.7560786 1.650524 2.775212 1.773829 0.1201247 0.09223656 0.7189915 0.5808227 0.1512004 0.1083186 0.06899322 0.0147474 0.01012856 0.005164572
0.4160977 0.2872365 0.08624151 0.448447 0.4766009 0.5761541 0.635184 0.5703278 0.2899026 0.3495131 0.5030013 0.06077977 0.5232508 0.7132014 0.6947142 0.3184348 0.3143055 0.432187 2.211665 0.6850803 2.899237 0.5110763 0.2515499 1.305699 0.4075704 1.137541 1.420958 2.411813 1.932238 0.37773 1.141625 0.8444499 0.894685 1.290698 0.8150549 0.9522392 0.3693666 0.7463398 0.2160414 0.2092905 0.5663708 0.4702044 0.3057789 0.3721321 0.7485942 0.7357211 0.09252529 1.062361 2.541452 1.986388 0.2834616 0.688883 1.113523 0.8374197 0.109393 0.09651928 0.09115695 0.008594367 0.003038567 0.01132407
0.3557948 0.3267112 0.3816999 0.301238 0.156009 0.07473884 0.227718 0.5286298 0.5993869 0.2738588 0.6346719 0.3628662 0.1642728 0.4709891 0.5404629 0.4719465 0.528914 0.3732496 2.286339 1.023339 2.256594 0.6922872 0.8451364 1.00076 0.4180408 1.42274 1.727474 2.52152 1.032351 1.098282 0.9268123 0.7311398 1.189874 1.267135 0.04077924 1.195323 0.1970173 0.6456839 0.552825 0.7507135 0.6809084 0.8595309 0.6822425 0.6436753 0.8170984 0.9631693 0.1306268 0.8054985 2.558072 2.220782 0.7080726 0.8079598 1.648748 1.105312 0.0868047 0.08812421 0.06704001 0.001012856 0.005905914 0.01811852
0.4803783 0.1997656 0.3741678 0.5223649 0.5472077 0.6243457 0.5622739 0.5440381 0.7498879 0.3635215 0.6385468 0.7465122 0.2697164 0.3609643 0.4564109 0.4123658 0.4166213 0.3849994 1.51577 1.295602 0.7949221 1.065887 1.095131 1.179633 0.32415 1.23171 1.885302 1.860171 0.6527493 1.614335 1.038064 0.4556416 1.067107 0.9388033 0.2527581 0.9665958 0.5134602 0.6348084 0.7875082 0.7808707 0.2303004 1.03944 0.3710113 0.6707415 0.872704 0.9350156 0.3799504 0.8825479 2.685237 2.216441 0.8696721 0.9936168 1.723864 1.031235 0.05905912 0.0426964 0.02613875 0.09830955 0.1080484 0.04355279
0.1815381 0.3972811 0.3438452 0.4304413 0.5318565 0.4634143 0.4301517 0.4441743 0.4967549 0.3154961 0.2595523 0.7574725 0.5813143 0.1223837 0.4773923 0.5000807 0.5544369 0.966984 1.270716 1.700848 0.3715473 1.166238 0.8161539 1.123038 0.309084 1.577188 2.157888 1.203761 0.2438529 1.077769 0.6243588 0.6749534 1.191963 1.260579 0.09389007 0.8412497 0.6687652 0.3760152 0.407481 1.024839 0.4855226 1.053251 0.1678405 0.7729718 1.019839 0.6262854 0.5197663 2.32526 3.624051 2.231833 1.252659 1.278656 1.285015 0.5714625 0.04356457 0.0366872 0.07298886 0.1622115 0.1574653 0.1416439
0.257148 0.2552882 0.6735486 0.6649361 0.6052595 0.2348786 0.4216739 0.5069178 0.2889882 0.1924152 0.1765301 0.4376589 0.7894742 0.4392732 0.5675468 0.6584566 0.9390714 0.7900587 0.8490138 1.77361 0.9502442 1.102451 0.9231986 1.134723 0.4346296 2.46783 1.991021 0.7739239 0.4216094 1.026457 1.194585 0.7788428 1.382948 1.42605 0.2402014 0.9853445 0.4288273 0.5138646 0.1049173 0.8183476 0.8700205 0.7566319 0.3323751 0.9292379 1.13503 0.646058 2.308887 3.530917 2.606055 0.7796463 0.4981694 0.5075983 0.4264754 0.1082618 0.04172425 0.04365866 0.05515182 0.1332432 0.1129776 0.1442561
0.3767783 0.2653315 0.3646738 0.4639983 0.5795622 0.5158559 0.4958414 0.4061939 0.3214471 0.4884683 0.3420189 0.36386 0.7959227 0.8150392 0.6686271 1.068213 0.7363837 0.4845709 1.392141 1.556938 0.9258497 0.6279626 1.66958 2.202103 2.37398 2.648061 1.538175 1.188704 0.904977 0.597577 0.4161101 1.409085 2.368005 1.098151 0.9077622 0.9700234 0.5226986 0.7288229 0.5137478 0.4917281 0.276476 0.3789772 0.5175107 1.089386 1.517149 1.901076 3.235685 2.504226 0.9084646 0.1172508 0.1504659 0.1900954 0.1363484 0.02681678 0.01997664 0.03537753 0.008653844 0.07625394 0.0934959 0.06067841
0.4491738 0.6171911 0.05109653 0.4683639 0.5050893 0.4734449 0.6319056 0.839896 0.516019 0.1939711 0.3515894 0.4963376 0.6630043 1.133097 0.8154317 0.4503017 0.2846102 0.5623505 1.717466 1.543159 1.333798 1.531572 1.882807 2.347538 2.213871 1.194475 0.6436936 0.6811954 1.021808 1.138682 1.311613 2.559808 2.092863 0.6909837 1.319916 1.486544 1.051186 0.6699826 0.3201441 0.529724 0.2894582 0.3248755 0.5970172 0.8483267 1.81478 2.419802 2.357834 0.9308919 0.1270597 0.02944259 0.0174846 0.01948267 0.0164881 0.02674016 0.02311886 0.01316713 0.01421611 0.01892171 0.01921759 0.02048374
0.2885637 0.6055408 0.2501267 0.2240072 0.405452 0.3998061 0.6725085 0.5745629 0.4656402 0.5278346 0.3419334 0.6614733 0.7315094 0.9631538 1.163687 0.4808148 0.8475267 1.334084 1.794564 1.593881 1.78894 0.9520018 0.4507161 0.1260871 0.301937 0.5155625 0.9170418 1.396394 1.344473 1.219113 1.952688 2.374779 0.4325002 0.6704502 0.341142 1.077031 2.15165 2.175327 1.311443 0.2022155 0.6173107 0.4548067 1.577297 1.621969 1.787234 1.767058 1.181946 0.3069074 0.03651903 0.05267823 0.02230584 0.02816031 0.02167606 0.002864789 0.001432394 0.007089991 0.007161973 0.006405863 0.007910657 0.01811852
0.3445723 0.4265199 0.1921138 0.06976213 0.3742871 0.5673299 0.709117 0.4560635 0.323426 0.6472532 0.2836425 0.6401055 0.9944813 0.9547575 0.9602219 0.8038103 1.082762 1.554732 1.351931 1.431283 1.273342 0.5528389 0.9869671 0.8102541 1.032315 1.003462 0.523863 0.399141 0.5240343 1.124739 1.397794 1.855949 2.587281 2.448667 2.110748 1.348328 0.255762 1.915413 1.678306 1.19785 1.526725 2.040459 2.242482 1.32449 0.8936688 0.7267068 0.3250207 0.03647687 0.02174694 0.0658356 0.02794087 0.03485166 0.01505718 0.03092114 0.04153943 0.04761499 0.03812699 0.07569357 0.1058276 0.06876982
0.3502651 0.3501363 0.405452 0.4838962 0.6934085 0.7338276 0.8216064 0.7158691 0.1901844 0.4797896 0.5527953 0.1647841 0.6858172 1.041086 1.162804 1.47813 1.453699 1.293521 1.352216 1.328376 0.5054669 0.4912398 0.6518553 0.3914977 0.3593465 0.2292535 0.87042 0.5521938 1.078489 1.415439 0.3751303 1.984608 2.401885 1.681618 1.831583 2.662226 3.014341 2.915869 2.673656 1.803004 1.474415 1.412964 0.9399185 0.2450699 0.05975847 0.1027037 0.1025437 0.07752148 0.04663537 0.08745814 0.06396244 0.06495713 0.04735574 0.0385684 0.03485166 0.03670117 0.05046014 0.1297086 0.02107616 0.09177383
0.2014353 0.5225288 0.6490706 0.3713208 0.1184174 0.8142636 0.8610253 0.6261994 0.6259208 0.518572 0.6504566 0.3950906 0.588452 1.088249 1.460432 1.55531 1.435937 1.244732 1.433616 1.208109 0.127491 0.5901543 0.2525633 0.3987617 1.155008 1.610278 1.050839 0.2267632 1.793903 1.379557 1.141166 1.476626 0.8098971 0.986315 1.624862 2.061735 2.32621 1.971875 1.457593 0.644458 0.3819095 0.2451619 0.1425392 0.04861707 0.07625394 0.09143226 0.06664865 0.1197098 0.1477864 0.1278004 0.07193413 0.06098197 0.04043819 0.01948267 0.004051424 0.01017908 0.04397473 0.09793317 0.1113449 0.06515424
0.07644206 0.3010762 0.6216315 0.5094057 0.4429058 0.3697095 1.153509 0.9960494 1.144332 1.194714 1.029028 0.9341421 0.4113733 0.5985375 0.7477306 0.7177915 0.7104443 0.6599069 0.9233341 0.8152694 0.2336349 0.4640116 0.4471045 0.7171482 0.9196532 0.4364208 0.4920618 0.7348884 2.12422 0.7859327 0.7352741 1.781808 1.42847 0.2667102 0.3633733 0.1993157 0.4698018 0.6169459 0.5794055 0.4946286 0.3331889 0.1966603 0.1725094 0.002264814 0.05028703 0.08653837 0.06930477 0.1253527 0.1328732 0.08952745 0.04284032 0.04721472 0.03120188 0.02650897 0.02010461 0.02582286 0.03202931 0.01771774 0.02952957 0.02880858
0.4166951 0.3043683 0.4721366 0.3839855 0.3949621 0.6554042 0.7151424 0.3598215 0.4006455 0.7705079 0.990568 0.8675327 0.6907884 0.4058566 0.4854169 0.717535 0.6219252 0.472623 0.7763314 0.6215762 0.2656156 0.4823059 0.6949186 0.5182455 0.3269921 0.368307 0.6099433 1.383085 2.159863 0.2236772 1.305135 1.740216 0.87826 1.717604 1.469224 1.223228 0.2854002 0.1839993 0.3250743 0.5297201 0.3219064 0.1928413 0.07388292 0.2032629 0.4471573 0.6564745 0.5600557 0.3775018 0.2673191 0.1503158 0.1109619 0.08125599 0.05944866 0.04156412 0.02727198 0.03876738 0.03331664 0.01867614 0.01572375 0.01289155
0.4557766 0.3350908 0.3721597 0.4438636 0.3989019 1.001531 1.09649 1.12438 1.164349 0.9616754 0.7725338 0.6754798 0.8497552 0.6363859 0.6645403 0.5095527 0.5329788 0.5181327 0.8701272 0.6467506 0.4619233 0.4592955 0.351496 0.1770176 0.1064702 0.5067428 1.238828 1.06356 1.433374 1.52184 2.001991 0.6532951 0.7293751 1.091005 0.5837162 1.490006 0.4607159 0.1112481 0.2882045 0.550593 0.2661326 0.0962372 0.01989946 0.2768116 0.9663687 1.300859 1.278595 0.7949911 0.6146431 0.4222791 0.2838233 0.1980015 0.1456855 0.1197269 0.05124689 0.03299174 0.03404763 0.03870116 0.04326921 0.04412611
