SiB2_DBHM_derive_trans/DBHModel/MODEL/GEO_INPUT_DATA/slope.asc
ncols         221
nrows         126
xllcorner     -457500 
yllcorner     -1500500
cellsize      10000
NODATA_value  -9999
[rows 81 to 107 of 126, columns 0 to 59 of 221]
0.140743 0.4739679 0.4342896 0.2698533 0.3092433 0.575248 0.217876 0.4962353 0.3404798 0.7155983 0.9112908 0.7248867 0.7855261 0.6770064 0.4548811 0.7842501 0.7622911 0.7903734 0.9214641 1.344072 1.041649 1.116091 1.600033 1.817293 2.188522 1.815677 0.691913 0.8122737 1.524384 0.4818462 0.06733774 0.4112536 0.8268363 0.4230606 0.3592508 0.5657475 0.4161828 0.6996903 0.3225399 0.1438252 0.1256307 0.7349791 0.9461583 2.382256 3.18558 2.037351 1.079845 2.229071 3.097223 1.949881 2.627484 2.411326 1.967175 1.486956 0.9032569 1.303712 1.013625 0.3340314 2.237159 1.974026
0.3709961 0.4570521 0.5444 0.5874725 0.6387484 0.3306592 0.09021235 0.5648439 0.4264381 0.751027 0.2263104 0.3553015 0.5306063 0.6566035 1.04751 1.165096 0.4576633 0.6083807 0.3038961 0.4957865 0.8000842 0.8575115 0.6632309 0.4180028 0.5083445 1.902601 2.458743 1.774068 0.3573154 1.232753 1.641959 1.807972 1.836023 1.708849 1.103485 0.6238526 0.5023023 0.8741207 0.6447508 0.3239284 0.5646913 0.3441672 0.8512094 1.296744 2.321477 2.45164 1.236403 1.993942 3.723634 2.633663 1.379206 0.8758764 0.818298 0.442659 0.5009538 1.00076 0.6861193 0.1502339 1.45599 1.366402
0.116931 0.01154833 0.1634934 0.204799 0.1364687 0.7310662 0.7750423 0.8697081 0.2935177 0.6163429 0.0416381 0.3331211 0.7107207 0.8933244 0.9718458 1.014201 1.155654 0.5253724 0.06022872 0.1010472 0.2390605 0.2316595 0.186994 0.7225227 1.043597 0.7432765 0.3979532 0.4568826 0.8154719 1.20582 0.7856351 0.4322855 0.6844198 0.4485762 0.4641409 0.4180997 0.2190593 0.07740229 0.6290104 0.438572 0.6713705 0.9599362 2.122773 2.824379 2.389419 1.70649 1.336981 0.06890395 1.949317 2.447789 2.505867 2.090255 1.598388 1.021387 0.5068652 0.6365309 0.8773622 0.3596661 1.09543 1.226385
0.1313004 0.2343386 0.3139838 0.1576834 0.3733252 0.6261502 0.5904663 0.9732877 0.54409 0.2497983 0.1312066 0.359375 0.3023461 0.600194 1.1666 1.299161 0.7578671 0.2502865 0.09770244 0.2700737 0.2413496 0.2086867 0.5660837 0.4505238 0.5721621 0.9696395 1.167557 0.9689095 0.6347834 0.4119115 1.176649 0.8834521 0.6307764 0.5300686 0.2876379 0.2440968 0.5645214 0.4087817 0.3770083 0.6913264 0.4634984 0.6847396 1.207072 0.982686 1.28953 2.111903 2.604113 2.1363 1.426756 1.483813 1.138623 0.6459056 0.5762457 0.9209319 0.9091213 0.8076602 1.190043 0.8252657 0.6226307 1.328297
0.3801609 0.8298393 0.9153791 0.6161807 0.2826135 0.5266712 0.3218825 0.440537 0.5418655 0.2825427 0.271551 0.4143932 0.6037706 0.5155695 0.2056986 0.1280249 0.5839788 0.7334613 0.7154614 0.7642851 0.864024 0.7021377 0.6259577 0.4443128 0.6373531 0.6283717 0.5309938 0.6077734 0.78871 0.7021421 0.4146073 0.7147292 0.633559 0.8222709 0.9874097 0.9018638 0.9037932 0.2914695 0.5489567 0.6604351 0.6209224 0.8574427 1.243897 1.533472 1.330716 1.018196 1.300508 1.688301 1.173269 1.790497 1.616305 1.582393 1.627081 1.645548 1.461442 1.137295 0.7196894 0.1353819 0.4664018 1.176571
0.8986211 1.083502 0.815143 0.9140017 0.2889456 0.5584105 0.6227105 0.2201617 0.3978655 0.4375757 0.2078691 0.1877305 0.1670593 0.5387749 0.7022743 0.4202056 0.2301668 0.2084236 0.5428679 0.5149574 0.7895217 0.855893 0.480405 0.3077353 0.3780517 0.01867614 0.2084039 0.8893718 1.253871 1.315645 0.1845644 0.5301276 0.4734091 0.4660663 0.6580656 0.9530869 1.10824 1.316888 0.9318295 0.965205 1.002098 1.229605 1.275801 1.321648 0.9860545 1.244706 0.82391 1.248223 0.3132642 1.75741 0.9361073 1.265099 1.154677 0.9185905 0.7110792 0.4242918 0.3400864 0.7753664 0.6416875 0.6313152
0.8544797 1.656183 0.1127913 1.366444 0.7171804 0.388173 0.7788487 0.4570442 0.1835053 0.409153 0.34863 0.1196241 0.04619332 0.07703695 0.3941509 0.574044 0.3956368 0.2807178 0.4291298 0.2373789 0.1495769 0.8558481 1.382554 0.9776809 0.1502339 0.136829 0.09700168 1.500341 0.2351253 1.806659 0.4407803 0.5026515 0.5220191 0.6690749 0.2704229 0.8386147 0.5648112 1.005263 1.593224 0.3941522 0.7140293 1.233005 0.9673048 1.182232 0.8421952 1.359113 0.8417488 1.475216 0.300312 1.938509 0.246645 0.06240373 0.4166816 0.1486654 0.3574316 0.5541269 0.7233435 0.4128034 0.08892959 0.2950376
0.7415386 1.561986 0.7329241 0.8834295 1.317273 0.7337276 0.7298762 0.2778694 0.1752352 0.5576715 0.4810611 0.4932944 0.635184 0.5013099 0.1623158 0.2986095 0.4265199 0.3574876 0.4231334 0.2569724 0.1865436 1.350505 0.02466465 1.309359 0.2089716 0.2081182 0.08933818 1.132532 1.026161 0.970629 0.4399487 0.1414228 0.2808713 0.4866252 0.8348837 0.6347576 0.1956273 0.4146976 1.351033 0.06546056 0.9839844 0.9507514 1.080181 1.762061 1.440768 0.3043262 0.8110012 1.632362 1.061791 0.6572467 1.222816 0.9170234 0.7880361 0.5877378 0.919554 0.4279353 1.13569 0.5361096 0.382977 0.20864
0.9192149 1.221565 0.5922052 0.7961856 0.8614343 0.1594303 0.9066837 0.9570303 0.7472352 0.2529164 0.4689812 0.462875 0.3694874 0.8783721 0.6001992 0.2110817 0.1474737 0.3796479 0.609229 0.6262485 0.7114527 1.526872 1.671839 1.262042 0.4494124 0.254451 0.1149132 0.3326527 0.1544925 0.2390862 0.2781701 0.3412066 0.1304185 0.3124116 0.835677 0.9620826 0.688615 0.5669103 0.7190792 0.1977138 0.7525331 1.056939 1.142727 1.060095 0.3950283 1.009288 0.9037024 1.432267 2.115636 2.027643 0.4871077 1.198165 1.568054 0.998507 1.433962 0.8394899 1.121176 0.9118084 0.3922621 0.2008335
1.062086 1.204876 0.7257747 0.5757827 0.3154506 0.5197101 0.60361 0.5731553 0.8976991 0.2502066 0.1044862 0.2989391 0.1379305 0.3122589 0.6454893 0.7370519 0.3065178 0.1021428 0.2825918 0.3139005 0.37265 0.5338518 0.4571205 0.2325611 0.2381921 0.4804978 0.258723 0.1907419 0.02816031 0.8781567 1.365408 1.005599 0.4208654 0.1166015 0.5950941 0.893352 0.9553648 0.4289086 0.1892164 0.5290032 0.5851895 1.0955 1.080101 1.138791 0.9228203 1.243066 1.07458 0.659592 0.8223831 1.95125 1.470439 0.8229721 0.5104709 0.4876307 0.4934804 1.148602 0.61753 1.141217 0.5718034 0.3070795
0.2584333 0.7332928 0.1307798 0.3087702 0.3011494 0.4936644 0.4088106 0.5243992 0.9053894 0.3528606 0.1748484 0.1687943 0.2687562 0.1684293 0.05345153 0.4071562 0.4953901 0.191753 0.2636463 0.2305142 0.1487516 0.3255647 0.6031817 0.2489962 0.2983001 0.485214 0.6789293 0.452523 0.2759728 1.26418 0.7699906 2.112411 0.6563847 0.5459166 0.2483279 0.6450793 0.8088986 0.6255766 0.3095019 0.4858151 0.1559169 1.12245 0.7785774 0.8987775 0.6553017 1.158515 0.3669802 0.5662224 0.8873994 1.201089 1.536968 2.119645 1.801361 0.8053559 0.5517226 1.027009 0.9551823 0.7107676 0.7228009 0.8042555
1.152603 1.322541 0.8742028 0.5397944 0.839849 0.3135604 0.4367591 0.5725393 0.8823556 0.1986688 0.4643122 0.5603579 0.2971717 0.3013333 0.06798214 0.2610126 0.1751269 0.3914676 0.3416829 0.3777667 0.5474214 0.4934493 0.6422259 0.4405324 0.4313163 0.5015953 0.8214098 0.7029137 0.3985006 1.276937 2.289909 0.8882733 1.467323 0.6329119 0.2362569 0.3780707 0.6732919 0.5228791 0.6491243 1.057303 0.1698938 1.251531 0.8037669 0.6684737 1.004383 0.8417317 0.104697 1.041843 0.5148169 0.09241434 1.110323 1.648514 1.616634 0.5983095 0.7252856 0.7942664 1.471292 0.6820644 0.4983547 0.512152
0.9963588 0.8618176 1.541226 0.489382 0.1726164 0.5225583 0.6469028 0.2171497 0.6349022 0.3826622 0.9422831 0.5267053 0.6551459 0.3121094 0.1923699 0.3675165 0.081659 0.2909006 0.439572 0.1792749 0.2443299 0.2519227 0.9538231 1.304111 1.005652 0.5624818 0.5408755 0.8291025 0.4980788 0.3038691 1.082076 1.566583 0.5732483 0.5126845 0.1551518 0.4304556 0.3029901 0.6478685 0.7029049 1.239318 0.4864513 1.037716 0.72189 0.8690068 1.04246 1.290553 1.008463 0.9621215 0.5517245 0.2303004 0.8163826 0.4255869 1.305648 1.045466 1.185025 1.831198 0.6903986 1.089969 0.7988495 0.6618244
0.1776395 0.3127251 1.744303 1.123723 0.5736061 0.3218012 0.9435251 0.7493296 0.6165127 0.2939717 0.5179 0.6078739 0.343221 0.8761832 0.537638 0.6348093 0.3321775 0.1191644 0.3343461 0.1169178 0.3703859 0.754746 1.01395 0.9031366 0.7821935 0.3815077 0.103767 0.5438609 0.6548828 0.1444977 0.2199566 0.3233705 0.8273639 0.5096866 0.3739361 0.3341895 0.4750995 0.3430013 0.766023 1.037014 0.8101959 0.06663326 0.6827385 0.7216513 0.4246978 0.3749716 1.045705 0.9881572 0.8399876 0.7327142 0.6862994 0.7253704 0.5382292 1.230702 0.8762627 1.089936 1.22052 0.5701569 1.013775 0.8487969
0.4259941 0.541248 0.6415277 1.076975 1.274979 0.911364 0.4183903 0.740213 0.7703934 0.1351202 0.1118046 0.2422257 0.9381034 0.1363784 0.605012 0.578945 0.3551556 0.2690443 0.2644932 0.20431 0.5003196 0.9595344 0.4387732 0.4788941 0.6578231 0.470841 0.1612601 0.309555 0.539571 0.4227708 0.1227227 0.1845644 0.4856409 0.7064651 0.3270611 0.1271525 0.2065522 0.4056139 0.5018294 0.5900179 0.03492517 0.5795117 0.7717528 0.9321766 0.180802 0.4378101 0.6998075 0.6361997 0.4633701 0.9053186 0.2977787 1.078474 0.6169542 0.9700842 0.5473239 0.7896724 1.749068 1.241049 1.114933 0.5525094
0.7862465 0.4815332 0.5971624 0.7556376 1.710237 1.459245 0.5783778 0.3539564 1.11113 0.161819 0.3759606 0.8619277 0.4966599 0.3873343 0.5399967 0.6653208 0.4535928 0.3626485 0.2737558 0.2467968 0.3992759 0.8542042 0.4951292 0.244917 0.4657118 0.689212 0.368346 0.378678 0.292392 0.4509755 0.4317133 0.2717153 0.1926683 0.736642 0.5053695 0.3703319 0.3696262 0.6109179 0.557677 0.2746014 0.4725286 0.8986195 1.295241 0.9773998 0.3586564 0.3368267 0.7547209 0.4090226 0.1051663 0.5198107 0.7142735 0.7632108 1.117011 1.281478 0.2818721 0.4527145 1.459565 2.099735 2.357903 2.024557
0.4248379 0.7031121 0.6594233 1.036191 1.671697 0.705943 0.5584343 0.6371116 1.213523 0.6085341 0.9248057 0.4577574 0.3706516 0.2780761 1.009536 0.9162716 0.6764206 0.02742203 0.4749321 0.3954306 0.4409234 0.7759912 0.7799988 0.8532065 0.5949183 0.6875022 0.6161557 0.558066 0.4071272 0.4210336 0.4353653 0.2613699 0.2758408 0.4240887 0.3711039 0.1488757 0.0629276 0.4399918 0.2459807 0.4061497 0.7021604 0.3306903 0.2213954 0.3532151 0.748192 0.4439525 0.2229307 1.015053 1.136729 1.028892 1.281147 1.079581 0.4467339 0.5741879 0.8631927 0.3412127 0.05617469 0.5571645 0.5844406 1.681654
0.2567328 0.8553537 0.6224403 0.8567913 1.246007 0.6949474 0.6551037 0.7021377 0.3418704 1.169052 0.2765075 0.8357849 0.6362215 0.9177198 1.170562 0.7199993 0.2930823 0.6450157 0.8138744 0.8329997 0.7703934 0.6760012 0.532947 0.9002545 1.215156 0.824274 0.916666 1.054443 0.8845333 0.4995481 0.2255475 0.1315346 0.2761214 0.4015049 0.407944 0.2944233 0.4487408 0.2003399 0.5073628 0.6950662 0.8997161 0.151928 0.06510699 0.3208226 0.2174636 0.5823994 0.7746717 0.9478351 0.7792233 1.11388 0.9633609 0.8094974 0.902426 0.7358208 0.6338908 0.3537839 0.3418869 0.5660267 0.3323195 1.679668
0.5037919 1.149476 1.025757 1.133383 1.407787 0.7752579 0.6038445 0.3927482 0.3130742 0.6165592 1.254355 1.513348 1.32083 1.080509 1.374392 1.573847 1.072783 0.6275934 0.9740618 0.2806009 0.6602635 0.3697594 0.4197171 0.207021 0.3372391 0.2478689 0.6280957 0.6358683 0.177827 0.5713611 0.412602 0.1698938 0.136739 0.264902 0.374802 0.3839788 0.4970841 0.4661191 0.5508593 0.5224169 1.212654 0.4855817 0.5788751 0.1540403 0.2122957 0.1519753 0.4780054 1.648468 2.119482 2.216656 1.447922 1.117072 1.024121 0.6338892 1.056445 0.9575076 0.767777 0.4633701 0.5827312 1.747742
0.8769834 1.547117 1.424498 0.8138435 1.271915 0.6450379 1.065872 0.4849053 0.09626918 0.3100368 0.2249099 0.8883021 0.391292 0.6909035 0.5635267 0.7442425 1.139706 0.5474523 1.348383 0.3282617 0.9524347 0.3999985 0.5267403 0.2810465 0.6295157 0.6362029 0.4184492 0.4792795 0.3719157 0.05428943 0.4317037 0.3986382 0.1476579 0.2887397 0.5849099 0.0660534 0.7653928 0.4850459 0.5252514 1.052929 0.9981557 0.03568071 0.2751109 0.5797108 1.119219 0.9940656 0.2656001 0.4135755 1.703303 1.531813 0.8210595 0.4119464 0.8762089 1.784244 0.970629 0.7936522 0.7322724 0.7916356 1.129143 1.535033
0.425705 0.4219839 0.08899302 0.8958688 1.351852 0.4192916 0.2285409 0.8631262 0.3308671 0.3984465 0.9445202 1.158346 1.423874 0.7955721 0.9040247 1.631943 1.071666 0.4906223 1.231921 0.7803018 1.065847 0.6780177 0.9494777 0.9235823 0.1854958 0.2951906 0.5347186 0.5907598 0.2276391 0.08537474 0.3623896 0.573683 0.3820035 0.4374292 0.7273614 0.4478668 0.903044 0.8242517 1.12921 0.7599248 0.415634 0.8862846 0.7359155 0.6327758 0.666132 0.3167147 0.8384631 0.5587649 1.072894 1.751176 0.6420095 0.1516983 0.8858778 0.9062583 1.130724 1.151855 0.5405843 1.085519 0.2622242 0.6621335
0.9327408 0.5005574 0.3512624 0.8082561 1.172453 0.7751951 0.6495216 0.2713016 0.6445344 0.5306613 0.4767128 1.032984 0.3971623 1.494776 1.321681 1.94748 1.66183 1.312972 0.4230036 0.4897089 0.1980067 0.7337968 0.3723636 1.104462 0.4341289 0.2331756 0.5583416 0.1076489 0.4330679 0.5177257 0.3952542 0.6889664 0.7794614 0.5828509 0.9657466 0.3258592 1.40749 0.9944673 1.278512 0.9768834 0.8702427 0.5241576 0.5318431 0.9857737 1.312545 1.50517 0.5686446 0.0586145 0.6668584 0.800643 0.6392596 1.002943 0.9766814 0.7617984 0.6883051 1.133006 0.6926627 1.187784 0.4088972 0.8179941
0.3009859 0.540922 0.6826934 0.5604869 0.6002941 0.4437214 1.158102 0.3040227 0.2072587 0.08083828 0.3363451 0.5823192 0.7034242 1.165394 0.9651157 1.265266 0.8848318 0.9761599 1.350954 0.7962286 0.7871278 1.029028 1.442608 1.410795 0.8311163 0.596615 0.3727931 0.3037864 0.7764847 0.3241358 0.4614123 0.3015018 0.9336392 0.2466076 1.124737 0.3999639 1.179008 0.1390306 1.033789 0.5107561 0.3358614 0.07193413 0.02837804 0.4396082 0.3461555 0.2834689 0.7790831 0.9540629 0.7138907 0.09585804 0.1758984 0.8651693 1.082233 1.287566 0.1200564 0.4296303 0.8456739 0.7441047 0.4287663 0.5506423
0.9322343 0.8135662 0.7080973 0.2152398 0.7082921 0.5683659 0.6374496 0.7026423 0.0806477 0.2508761 0.1927215 1.192208 0.3859574 0.7499877 1.970924 0.5952113 0.9157056 0.8402616 0.5589264 0.8904826 0.7821201 0.6306943 0.6828196 0.5435939 0.2965636 0.4881889 0.3129825 0.3667887 0.5593465 0.788749 0.2582944 0.1185213 0.874235 0.9383395 1.063551 0.7832942 0.8156228 0.09485212 0.6570992 0.7853949 0.7143531 0.3089828 0.2135988 0.1454071 0.2482308 0.1358169 0.1337006 0.19741 0.1892164 0.4040911 0.7149057 1.548509 1.236445 1.100809 0.08879106 0.5383149 0.9224535 0.8929381 0.968539 0.568558
1.227382 0.8913592 0.9054319 0.4153933 0.9820763 0.2591706 0.327337 0.9826745 0.695657 0.1186597 0.03515937 1.097133 0.1987772 0.6057507 0.9827 1.088712 0.8037012 0.9388836 1.465951 1.100633 0.8707964 1.193591 0.5003114 0.1481435 0.1239578 0.2931768 0.5948415 0.2381921 0.3140818 0.3006534 0.7882417 0.4956385 1.231627 1.110315 0.8122092 0.2973736 0.5034263 0.1468638 0.4344513 1.117183 0.5641434 0.1477864 0.3297957 0.1495083 0.3788364 0.2471789 0.2034193 0.05816649 0.09482507 0.5563309 0.8194146 1.014533 1.217703 0.4715279 0.1210562 1.340276 1.621345 1.911803 1.640878 0.5634539
0.2140929 1.47492 0.4100183 0.6905805 0.4896586 0.1604278 0.2372427 0.4674695 0.5839928 0.5078731 0.4177732 0.5534323 0.7840167 0.3591195 0.1502612 0.5852964 0.9034749 0.9023209 0.4002446 0.6595695 0.9907026 0.6084532 0.5907267 0.581638 0.1602646 0.3336181 0.2688631 0.6370866 0.315192 0.4765891 0.5143434 0.2655538 1.611554 1.360708 1.138106 0.4833596 0.2027753 0.5704457 0.7571691 0.7894639 0.2939735 0.4516494 0.3758174 0.3906387 0.5093433 0.439544 0.2638855 0.2847129 0.2728907 0.4073992 0.759382 0.6222129 0.4783679 0.340412 0.5324522 1.680707 0.6964137 1.892488 2.413182 0.5784354
1.262711 1.335186 1.273223 1.588139 1.275178 0.7984803 0.9613895 1.426368 1.111829 0.5958908 0.6735181 0.8758202 0.5276548 0.3920581 0.3340391 0.2871775 0.7179572 1.671484 2.262735 1.722068 0.7489613 0.4996498 0.7347439 0.9910105 0.9524217 0.7575971 0.2403551 0.2210453 0.7827631 1.094502 0.1378077 0.6543242 0.9956545 1.457686 0.5044715 0.7364944 0.2948933 0.5860416 0.5621397 0.2912002 0.3800759 0.4420074 0.3098448 0.2485199 0.1671238 0.3929049 0.2899522 0.3268493 0.143368 0.1352378 0.2768708 0.6131259 0.427879 0.5714544 1.125948 1.275468 0.6145154 1.96605 2.183921 0.6520402
