SiB2_DBHM_derive_trans/DBHModel/MODEL/GEO_INPUT_DATA/slope.asc
ncols         221
nrows         126
xllcorner     -457500 
yllcorner     -1500500
cellsize      10000
NODATA_value  -9999
[rows 54 to 80 of 126, columns 60 to 119 of 221]
1.023901 0.5904663 0.6899326 0.3933394 0.7557095 1.672853 1.754464 2.337251 1.745494 0.6082281 0.3247713 0.26744 0.2856248 0.2359571 0.3287816 0.3904285 0.4350483 0.4217018 0.3556002 0.2737652 0.2110477 0.2189 0.2910522 0.3385218 0.2988447 0.2036462 0.07846197 0.05874562 0.2101709 0.3454168 0.3207203 0.212385 0.1227561 0.2689852 0.3036732 0.6324483 1.01009 0.3342954 0.3108051 0.6545594 0.5749627 0.3290919 0.4296685 0.3373014 0.209956 0.1358584 0.3736397 0.3873145 0.2089569 0.4272228 0.5383244 0.07174849 0.1204786 0.1361903 0.1602646 0.1976411 0.2174212 0.2381576 0.2566588 0.4209142
1.655056 2.158054 2.523202 2.122288 0.9086903 1.32505 1.160534 1.910375 2.00066 1.001474 0.6110253 0.4168182 0.2906236 0.3035178 0.3123854 0.3248518 0.3578647 0.3906531 0.3714589 0.2686054 0.1869611 0.342762 0.4571026 0.4561782 0.4345174 0.3576253 0.2643225 0.2606979 0.4896544 0.5486455 0.3790313 0.3590452 0.4300563 0.5053533 0.6142424 0.7433835 1.033685 0.3476311 0.6543399 0.06805001 0.4852774 0.2449191 0.422664 0.3091836 0.1982966 0.2640817 0.4645419 0.3063286 0.1298707 0.4570487 0.5074346 0.116729 0.2900353 0.3340391 0.5431663 0.7228208 0.666563 0.5677971 0.7282549 0.6794684
3.567485 3.055537 3.030316 4.35398 4.414872 3.795653 3.08771 2.860221 3.195587 2.617003 1.429369 0.6531161 0.5019878 0.4937672 0.4314732 0.3640897 0.3082665 0.2924305 0.3292135 0.2987915 0.1601462 0.2903976 0.2150896 0.1805038 0.2463391 0.3736891 0.4136375 0.2658607 0.3865828 0.3379714 0.2453125 0.4721866 0.5637059 0.6144469 0.7529031 0.9628046 0.6962782 0.2523621 0.6438346 0.1235931 0.3999946 0.09876763 0.378327 0.1275553 0.08481415 0.2575267 0.4216143 0.2256908 0.2360289 0.5378717 0.5706461 0.6791536 0.9498799 1.005508 1.033575 0.8053305 0.7687641 0.6918744 0.4725503 0.2591172
1.743328 0.685883 0.2174683 1.756113 3.966146 5.059268 4.406679 2.800429 2.566331 2.667084 1.960128 1.179466 1.137706 1.112095 0.7521099 0.5073639 0.3646584 0.354793 0.6563902 0.8396292 0.554386 0.08407307 0.284401 0.07926846 0.295779 0.370985 0.3485962 0.4990242 0.6722743 0.6236923 0.2814623 0.03449662 0.09117945 0.1638507 0.3090226 0.2198913 0.2744594 0.4608206 0.4688149 0.1082618 0.3848488 0.6187016 0.2975943 0.05680124 0.07613277 0.3072999 0.3992438 0.5838435 0.6598213 0.6943243 0.5482088 0.8756639 0.8561356 0.6119982 0.2522178 0.1139855 0.2000273 0.2184849 0.2133248 0.2230135
2.250137 0.6854994 0.4790279 1.285662 0.9190593 2.053961 2.777128 2.515085 2.075321 1.606683 1.552162 1.552056 1.87279 1.967699 1.665377 1.130121 0.7773005 1.33798 2.236168 2.299298 1.653784 0.2859389 0.3758665 0.2447201 0.3657496 0.4638248 0.3215508 0.3749716 0.4775932 0.779093 1.134483 1.205315 1.225536 1.206966 0.8611467 0.4068335 0.6598586 0.7041616 0.4576958 0.4109404 1.601577 1.991807 1.504094 0.2483547 0.3421074 0.5256819 0.795064 0.9723833 0.5080538 0.8118518 0.2986816 0.6955272 0.4538596 0.5212591 0.6115144 0.5345441 0.3654438 0.1943251 0.2424289 0.2011524
3.143123 2.587413 1.881187 1.963367 2.548882 2.794838 1.656566 2.469721 2.276191 1.886579 1.957111 1.38746 1.512953 1.523104 1.84415 1.682971 1.437252 1.429191 1.144439 1.407361 2.165133 0.6735942 0.3548204 0.3697219 0.2879231 0.4541702 0.2292222 0.2586912 0.2093566 0.8220588 1.387921 1.479232 1.58536 1.862888 1.944943 0.9120023 0.4665942 0.4453264 0.6849014 0.8388422 1.772785 0.3875157 1.959 0.3203475 0.4844894 0.5619427 0.7549444 0.3205011 0.5168601 0.8161238 0.07219747 0.6039158 0.1417995 0.4503063 0.3313875 0.2676547 0.3185749 0.2654997 0.1015333 0.2416639
0.6939704 2.338351 3.349378 3.227185 1.512934 0.5265397 0.3322439 1.202855 2.311896 2.995475 3.172127 2.142432 1.743967 1.445853 1.737557 1.726884 1.480476 0.6487979 0.7666888 1.649376 1.7214 0.8250445 0.1388644 0.4588418 0.6900553 0.5265533 0.3366317 0.6194704 0.6573341 0.9536425 0.9047832 1.105547 0.973263 0.6235426 1.418057 1.443551 0.1497277 0.6196467 0.6768124 0.7005693 0.7849044 0.7926229 1.338619 0.5951674 0.6646768 0.4371664 0.2945348 0.6520764 0.6181285 0.4611021 0.2391635 0.4361845 0.2281635 0.3079352 0.3650646 0.1098469 0.08407307 0.2644932 0.465001 0.441723
1.9659 1.614062 0.6041731 1.110855 1.347526 0.6230432 0.1527798 0.9988694 1.862849 2.103527 2.668853 1.631548 2.09039 2.449074 2.959508 2.494856 1.7303 1.633072 1.551114 1.415168 1.221951 0.8250034 0.237692 0.3997535 0.2234363 0.4991126 1.034501 0.6118121 0.5760899 0.6537032 0.7554089 0.3118003 0.3347983 0.705701 0.9756113 1.05875 0.6450697 0.2939717 1.078659 0.7126086 0.1822487 0.2886633 0.6312698 0.6594769 0.806257 0.6592101 0.3437959 0.4198637 0.203442 0.1597356 0.2935807 0.4216337 0.1962765 0.3596504 0.462466 0.02416038 0.128409 0.2394528 0.2192372 0.1735292
0.4477156 1.192819 1.572391 1.879841 0.3951231 1.253944 1.606941 1.232602 1.207144 1.309741 2.748187 1.024679 0.9733699 1.211642 0.8892858 1.466051 0.9661628 1.015876 1.938452 2.886019 2.544807 1.386027 0.7525652 1.096998 1.375133 2.220704 1.786537 0.8995821 0.5171776 0.3061829 0.8007352 1.105929 0.7603133 1.030593 0.6726152 0.4780161 0.6589323 0.297839 0.6816973 1.101033 0.5083767 0.2288459 0.2263579 0.6168794 0.627358 0.7038185 0.6155536 0.4309022 0.2205993 0.1617175 0.2914906 0.5675794 0.1309092 0.3000489 0.5603396 0.3649508 0.1732718 0.1926364 0.1285407 0.09666797
2.446203 2.024064 1.550632 0.6214203 0.8803565 1.098631 1.076487 2.654538 2.761463 1.316165 2.078195 1.950611 0.9957426 2.425066 2.657914 1.737323 0.9596669 0.5661281 0.4296148 1.415298 2.410974 1.640543 0.6372782 0.441824 0.6983058 1.897816 0.9540634 1.661438 0.6022413 0.2600557 0.2453794 0.324776 0.4381567 0.6160275 0.5483313 0.2665697 0.5855768 0.7799988 0.1807679 0.9940919 0.7301481 0.286455 0.1749188 0.7092884 0.3793276 0.6884146 0.3691041 0.3902157 0.2857828 0.3493238 0.3755389 0.6582525 0.591211 0.5580871 0.4506012 0.08485042 0.3046968 0.3868069 0.2542978 0.1898605
0.688215 1.288925 1.895059 2.297791 1.255305 1.188496 1.585229 1.889168 3.198963 2.814451 1.474597 1.602477 1.969934 0.6095051 0.6026687 0.2239591 0.4792409 0.5961455 1.181843 1.717641 1.703381 1.16502 0.4363538 0.851354 1.100157 2.463967 2.089866 1.503994 0.2397397 0.949778 1.025585 0.8971729 0.6589448 0.6593611 0.767098 0.2988447 0.2057909 0.5698304 0.3628408 0.6363779 0.7993789 0.4277243 0.1840662 0.6505102 0.1375394 0.3215508 0.1686484 0.5221331 0.6034945 0.336365 0.2780927 0.4918502 0.4076849 0.3431403 0.4126841 0.3731232 0.09540211 0.4005546 0.3331211 0.3337119
1.031583 0.7578225 0.8419321 1.151159 2.443665 0.4516222 2.471224 2.594447 0.01505718 2.243865 2.478386 1.243309 1.813737 1.425655 0.7053928 0.916921 0.908898 0.9585908 0.7200285 0.7171732 0.8648089 0.8172697 0.8001682 0.8117735 0.3443668 0.6861791 1.437823 1.198229 0.9061186 0.7628096 0.6951378 1.1889 1.089563 0.7809101 0.8900034 0.5064492 0.2724185 0.4269382 0.4486322 0.2527825 0.5177613 0.1449655 0.4699393 0.7385651 0.4509573 0.5151396 0.4204753 0.7095681 0.6512643 0.1873777 0.2520428 0.4267844 0.4767031 0.2898035 0.2995424 0.4689549 0.4970976 0.08711143 0.3796303 0.4955516
1.639549 1.123785 1.094428 0.4135172 2.017785 2.052954 1.21092 2.802601 2.305272 0.9821782 0.8202947 1.85947 1.211377 1.727769 0.9054981 1.637074 1.647542 1.254971 0.8985898 0.6094815 0.6215135 0.7201681 0.7198747 0.723201 0.8419352 0.7354492 0.2539365 0.3939544 0.953936 1.441212 1.429628 0.4344702 0.4524391 0.9318977 1.039249 0.5791187 0.6468164 0.6966934 0.6740958 0.5360234 0.1085835 0.4442297 0.7128367 0.6483243 0.1684293 0.2761864 0.5031655 0.6761332 0.6201356 0.3429834 0.2512601 0.204799 0.4623994 0.3093975 0.3078852 0.3537969 0.5712408 0.4686475 0.2373032 0.2379767
1.294909 0.6778384 1.17618 0.8151304 1.489449 2.590214 1.473762 1.787472 0.948483 2.106159 1.40377 1.370268 1.516375 1.053717 1.201738 0.6791686 0.9477372 0.8826908 0.7839205 0.6148809 0.291253 0.6047127 0.559506 0.226521 0.5130355 0.8230488 0.4489157 0.01768877 0.3447033 0.8189865 1.490115 0.9761326 0.6432162 0.9756939 0.9691429 0.8064662 0.8892252 0.6004384 0.4805437 0.7674189 0.3443207 0.3998394 0.9613058 0.7642127 0.1513225 0.4788126 0.4435168 0.4516028 0.6623852 0.530498 0.4272636 0.3777626 0.1457419 0.4326247 0.3289173 0.1753289 0.3397439 0.5857607 0.6498342 0.5149096
0.4060777 0.09928044 0.9390949 1.687832 2.222619 3.189508 3.227811 2.741543 2.079004 2.387932 2.181113 1.182806 1.531415 1.090417 1.076349 1.244812 0.4808905 0.487415 0.5066517 0.5226947 0.5981715 0.6784555 0.9249981 0.9118196 0.629259 0.5944112 0.4436786 0.3367398 0.4274604 0.5946803 1.639144 1.465912 0.3730146 1.128847 0.4027103 1.454279 1.79532 1.329651 0.3380533 0.7758352 0.3351795 0.6899483 1.015986 0.6557398 0.3285897 0.4975049 0.3462399 0.2906095 0.5257979 0.3518941 0.2274069 0.7063634 0.1014575 0.4746945 0.4225232 0.2297899 0.2088931 0.3894064 0.5662776 0.05801638
1.133319 1.13626 0.8922424 0.1654706 1.109597 2.251813 3.064184 3.344682 3.123508 1.713475 1.709988 0.9729073 0.6748599 1.044121 0.8557295 1.258236 0.2491466 0.297365 0.2707641 0.4315635 0.6721179 0.7038732 0.8268977 0.611911 0.3511587 0.2817465 0.3230595 0.5139365 0.1399535 0.5580962 1.408804 1.825616 1.069475 0.7215568 0.5036575 1.241209 1.057767 1.805298 0.9122429 1.028729 0.3185942 0.8342816 0.8207203 0.1734109 0.408228 0.3436706 0.3662457 0.4188608 0.4719639 0.2204993 0.2428348 0.6366929 0.219174 0.1568877 0.627894 0.4426034 0.3206115 0.3370641 0.6174935 0.2121023
1.895333 1.254738 1.497092 1.803434 1.479956 1.076101 0.8845055 0.2907736 1.229722 1.631483 1.329706 1.256866 0.5417292 0.7099518 0.7310129 1.108562 0.5774504 0.3895342 0.04258814 0.4141951 0.5009773 0.3323612 0.6846767 0.8691171 0.9491342 1.278832 1.355794 1.104032 0.963387 0.2471228 0.9321617 1.055234 0.5459691 0.2424607 0.5324733 0.8692899 0.7430971 1.299774 0.6631899 1.064638 0.8120767 0.7018572 0.8781433 0.2371129 0.3847408 0.2903058 0.328107 0.5295061 0.3915593 0.1329311 0.1932531 0.3598215 0.2613778 0.4640945 0.3702986 0.1468778 0.2467136 0.3456172 0.4432114 0.443748
2.155516 2.464416 2.512935 2.343241 2.648729 3.517917 3.386473 2.48689 1.304801 0.3607909 0.9687238 1.152943 0.6205746 0.8523292 0.8406783 1.181552 0.6393808 0.6109775 0.3777952 0.3669676 0.8544443 0.7188224 0.1306739 0.8549021 1.922724 1.569583 1.239014 0.9747396 1.526328 0.4887895 0.9410111 0.7269636 0.4493348 0.40199 0.6620259 0.5268893 0.22384 0.9290917 0.4985615 0.5576835 1.080329 0.2376251 0.7324958 0.2522706 0.2835539 0.3215764 0.3823256 0.5640343 0.4235998 0.1509186 0.1764719 0.3196261 0.2455132 0.4463859 0.3961485 0.1285367 0.3266358 0.5211145 0.4602693 0.3667132
0.8752422 0.6540475 0.6603419 1.091847 1.28847 1.338262 2.53959 3.367569 3.340626 2.045061 0.5340737 0.7664025 0.8814759 0.07053721 0.8922837 0.7796088 0.3529943 0.6339871 0.804077 0.5221989 0.9054931 0.4936311 0.8336028 1.134034 1.498743 0.5675423 0.7945634 0.3818746 1.084857 0.8432783 0.7674743 0.492769 0.3859281 0.3944163 0.4716214 0.715085 0.1185516 0.8260464 0.7832242 0.6338908 1.006211 0.4229952 0.4059261 0.2509844 0.2482473 0.2093272 0.4395813 0.5213506 0.4787644 0.2370437 0.3517119 0.4732704 0.3303069 0.1041469 0.4113932 0.3962573 0.2290588 0.5806929 0.7368132 0.4969479
2.124587 3.051187 3.474009 2.087161 1.735832 1.276785 0.6208572 0.646427 2.389788 3.704251 2.294103 0.9756413 1.196 1.088482 0.9172766 0.3774733 1.048638 0.8344568 0.2288459 0.6196061 0.6880122 0.1102477 1.148447 1.601441 0.7974212 0.3378226 1.195285 0.8107855 0.3356245 0.7803965 0.3122786 0.4161187 0.346471 0.353952 0.1840662 0.6227105 0.6105215 0.5705355 0.2870935 0.5098948 0.9824355 0.9306291 0.4772859 0.1457419 0.2670734 0.4289672 0.3629454 0.4450084 0.504198 0.319785 0.2614112 0.2862705 0.1468673 0.2844714 0.2594199 0.642345 0.5198611 0.1410197 0.726639 0.5754014
2.33728 2.569119 0.9031138 1.560217 2.158304 1.886431 2.036283 2.096035 1.040061 2.057506 2.917826 0.4748122 0.9473758 1.525131 0.8218591 1.238156 1.559388 2.006001 1.730168 0.8463351 0.4554659 0.5091147 0.6988124 1.47261 1.370358 0.2446844 1.453693 0.7770089 0.4877443 0.7520015 0.5417292 0.455359 0.3559245 0.178193 0.1189015 0.2913516 0.4331816 0.5394903 0.3310391 0.3442551 1.080633 1.504174 1.301609 0.5970103 0.4534209 0.5585069 0.6366736 0.5769502 0.5235653 0.2370156 0.3395808 0.2472619 0.2033815 0.3420189 0.132095 0.5014695 0.631013 0.2782236 0.6320848 0.3464606
3.259805 3.828686 3.657823 0.7217366 1.637495 1.363673 1.275091 1.289851 1.775533 1.807367 2.844765 0.562127 0.6629602 1.534242 1.103017 1.154296 1.318848 0.462112 1.528013 2.208266 2.059299 1.923186 1.191693 0.5568662 1.475748 0.7198205 1.255536 0.3725123 0.3270407 0.5778322 0.3096395 0.3380305 0.2071102 0.2628903 0.3529595 0.3459554 0.4835368 0.5050203 0.5458789 0.799881 0.7065413 0.7410654 1.482257 0.9316627 0.6644045 0.5600942 0.4238504 0.5045976 0.3613705 0.3533356 0.4051622 0.2857684 0.3473699 0.4060082 0.2441304 0.5026382 0.7339115 0.3098249 0.6924072 0.3966467
3.250009 0.8512148 3.690554 3.240692 0.1935184 1.012345 1.297794 1.552828 2.1357 2.680807 2.2125 0.6282859 0.3768123 0.942727 0.7378649 0.853049 0.9036769 0.7179408 0.8549741 0.330991 1.860273 2.303388 2.369519 0.996365 0.8449817 0.3823296 0.4939261 0.4780837 0.3866266 0.7599382 0.0792361 0.4334964 0.05774165 0.0643223 0.1499878 0.1595172 0.06362474 0.3176429 0.5379584 1.102665 1.252685 0.4331922 1.243012 0.9951956 0.9845011 0.7017169 0.5975822 0.2427989 0.1997245 0.4485682 0.2307744 0.1636095 0.4339304 0.4255002 0.5022023 0.3427694 0.7992294 0.2023905 0.6382536 0.4431223
2.113133 1.243745 2.000355 4.214181 1.656291 1.340407 1.363907 0.6558907 0.5474139 0.8555317 1.27615 0.7691943 0.4030693 0.9125082 0.4027179 0.9295662 0.4728313 0.6300108 0.6136602 1.440675 1.767751 1.522153 2.950335 2.109857 0.2814223 0.09102744 0.2069789 0.4216739 0.6252937 0.8243854 0.3853176 0.3192697 0.1877496 0.4035487 0.3113789 0.05526331 0.1161078 0.3474762 0.2104319 0.6563597 1.156739 0.2370372 0.9093137 0.8462218 1.082983 0.9405189 0.4141134 0.1448947 0.2228272 0.4810355 0.4098331 0.2465056 0.4346709 0.13132 0.382748 0.3867512 0.7956243 0.06756588 0.741439 0.2981144
1.678233 0.8901451 1.707885 3.593433 0.6446021 3.082294 4.010723 3.753631 2.633176 2.846097 3.206904 2.610428 1.050003 0.7091256 0.4747507 0.8401402 0.5716348 0.7895522 0.9572033 0.8034951 2.461401 1.976979 1.159202 2.321719 0.9209281 0.393604 0.1182266 0.4036097 0.6300231 0.2171213 0.5826784 0.2857056 0.491919 0.3553506 0.5426647 0.2795056 0.3025564 0.2710992 0.37976 0.4033809 0.9059415 0.6805024 1.011152 1.085028 0.7238098 1.292683 0.6018026 0.3688428 0.5998351 0.534592 0.2504873 0.3559692 0.4175362 0.2292938 0.06098197 0.1322192 0.6252355 0.1948523 0.7690763 0.122706
3.104697 1.527562 1.485604 2.957265 0.5449349 3.503817 1.640147 2.765672 2.769647 3.520725 3.342035 4.114658 2.051252 0.7181336 0.098393 0.5897266 0.6825882 0.2499605 0.9715698 0.3802675 1.520833 2.492452 1.656391 1.110692 1.176055 0.7504532 0.3203667 0.2048716 0.1723934 0.4007633 0.5723342 0.7676407 0.229343 0.3238064 0.4034432 0.2976408 0.5357076 0.1110312 0.5488212 0.2016491 0.881858 1.121034 1.045847 1.501739 0.4759451 1.374909 1.695187 0.7262155 0.429235 0.1810543 0.1020172 0.2928687 0.3399084 0.1835304 0.1122808 0.3155823 0.5069856 0.2550651 0.5197071 0.3806584
3.31683 2.901558 3.333202 3.87628 1.648684 2.975315 1.855533 0.9177305 1.474651 2.610104 2.873275 4.413864 2.806522 1.147991 0.1936641 0.5316916 0.5994356 0.4060271 0.7130202 0.7570438 0.4576543 1.06874 1.164978 0.1494225 0.8033164 0.8635105 0.9443449 0.6513635 0.2742182 0.2073453 0.3124839 0.601199 0.7057068 0.3063052 0.6389604 0.642728 0.4842067 0.1570739 0.5695279 0.5686302 0.8945336 1.670507 0.2980593 1.668238 0.1925085 0.6985041 1.167633 0.9101924 0.5540112 0.2649136 0.1685175 0.4801775 0.6347794 0.4413792 0.3267834 0.3741432 0.1367953 0.2179984 0.339839 0.4673159
