SiB2_DBHM_derive_trans/DBHModel/MODEL/GEO_INPUT_DATA/slope.asc
ncols         221
nrows         126
xllcorner     -457500 
yllcorner     -1500500
cellsize      10000
NODATA_value  -9999
[rows 54 to 80 of 126, columns 0 to 59 of 221]
0.5855688 0.9189884 0.2094718 0.2670427 1.341361 3.548563 2.371782 1.925906 2.033433 1.476174 0.923967 0.645076 1.040843 1.718779 2.106768 1.981086 1.441619 0.8366355 0.3462399 0.3423502 0.7181115 1.068928 1.350365 0.8424144 0.1572143 0.5239844 0.9670264 0.6346719 0.5328094 1.124113 1.234766 0.1878397 1.091142 0.6069856 1.105844 0.3015664 1.071619 0.3323149 0.1077727 0.1428447 0.871348 1.132898 1.295785 1.281046 1.255725 0.741636 0.4942365 0.7828024 0.2861702 1.230292 2.184146 1.953783 1.042473 0.4769226 0.7906951 0.3356796 1.294579 2.209851 1.933341 0.8697364
0.5122972 0.9538226 0.3612455 0.4582356 0.2435225 3.0508 2.444421 1.183164 0.4515347 0.9664785 0.8346086 0.6096758 0.394078 0.1183264 0.6602666 0.6195009 0.5666063 0.3370337 0.2408156 0.1771913 0.6646537 0.9525784 1.270107 0.9199253 0.7317456 0.819056 0.5434118 0.6162139 0.287265 0.5895074 1.26775 0.4487271 0.8033253 1.364513 1.197649 0.7653847 0.6285365 0.8615772 0.6678589 0.9889704 0.8750025 0.423664 0.7962731 0.6525159 0.9321348 1.453202 0.7892378 1.092428 0.9651386 0.4632682 0.2418676 0.593863 1.143719 1.131966 0.09575631 0.8667172 0.6581949 0.9195507 2.602464 2.416612
0.4231734 0.7371361 0.5385349 0.1191299 0.4853493 1.640423 2.900747 1.989949 1.047944 0.908551 0.5081235 1.234038 0.8777198 0.3859507 0.5198404 0.7892293 0.2592676 1.174967 1.642662 1.121089 0.3682791 0.3302945 0.4434566 1.310628 2.066548 2.125235 1.386039 0.08523042 0.455128 0.7233222 1.378614 0.4657493 0.486291 0.553951 0.4556562 0.9720906 0.5883518 0.9645949 0.7023415 1.081291 1.025774 1.138247 0.3581584 0.2726444 1.065498 0.9670837 0.6418177 0.83231 0.6285087 0.5715513 0.9314508 1.131029 0.925406 0.8109196 1.253522 1.172689 1.673296 1.611876 0.7133912 3.12162
0.3218825 0.7059139 0.7038236 0.4591637 0.6888883 0.4661544 1.47706 2.352292 2.071162 1.23799 0.6255249 0.9345723 1.44185 1.008168 1.014085 1.676811 2.27574 2.392126 1.466041 1.090884 0.7618873 0.7333963 0.5399531 0.7292871 0.4196865 1.163326 1.806121 1.386498 0.2059678 1.384266 1.457077 0.1501246 0.61358 0.319064 0.718512 0.6463381 0.4311795 0.6849725 0.7928033 0.4390618 0.5090945 1.039062 0.4978563 0.5638433 1.200259 0.2664773 0.6055136 0.5770293 0.955529 0.4812818 0.836256 0.3215843 0.8456338 1.095288 0.6935779 0.7565295 1.129045 2.528521 2.870146 0.5879568
0.4957751 0.9413919 1.07068 0.8134477 0.3104303 0.5063438 0.8570108 0.1570053 1.067379 1.615912 1.337626 0.5760401 0.409614 0.6962075 1.837088 2.746141 2.786769 2.038142 2.44249 2.237458 1.973677 2.394863 2.191832 0.7237078 0.6191217 0.2459911 1.523343 1.409888 1.629936 1.767098 1.473246 0.8118998 0.959957 0.7394256 0.7744664 0.9595638 1.098803 1.377255 0.9642121 0.2574968 0.1092992 0.4920785 1.243864 1.063973 0.8926589 0.441235 0.98616 0.7251753 0.7275813 0.355975 0.5342705 1.274793 1.087193 1.372582 1.857695 2.223126 1.111056 0.4511802 2.883457 3.185443
0.6929913 1.041574 1.207314 1.142228 0.9335843 0.9737918 0.4968488 0.6554488 0.450337 0.6139811 1.070903 1.259385 0.7106947 0.2775277 1.270627 1.595247 1.816666 2.273753 3.35017 4.200506 4.183651 3.682543 3.110651 3.197878 2.858192 2.516116 2.879118 2.883063 2.968196 2.059301 1.055083 0.2770931 0.08748747 0.5548058 0.6674488 1.224878 1.690211 1.596414 1.303531 1.363383 1.248779 0.8543957 0.858687 1.15865 1.124737 1.043409 0.5703269 0.8382679 0.8337774 0.7036662 1.209216 0.5028881 0.7287138 1.497174 1.228284 2.193628 2.313793 1.500807 0.8896018 3.134301
0.4458432 0.6461945 0.7620226 0.9137526 0.9871246 1.335154 1.749549 1.236994 0.2193003 0.8568295 0.7859797 0.4612322 1.041252 0.9322124 1.150404 2.061425 0.8609794 0.589013 0.7987801 1.261758 1.530048 1.620013 1.820496 2.384232 1.656978 0.9924953 1.791356 2.065531 1.306533 1.21667 1.178386 0.8177884 0.4936353 1.055093 0.6166923 0.5508174 0.846764 0.9788288 0.9364468 0.9373865 1.182972 1.132565 0.851051 0.9943188 1.308791 1.259199 0.9318625 1.241026 1.241381 0.8509756 1.169017 1.091084 1.200031 0.4998827 1.059511 1.448761 1.152744 1.40978 1.405018 0.6289052
0.09998576 0.2426129 0.3584104 0.5819915 0.7558324 0.6975174 0.8630906 0.9982656 0.8586953 0.7844044 0.4174625 0.1951416 0.2998642 1.173799 1.468838 1.55498 0.9973463 0.4283678 0.1258754 0.3910822 0.4258737 0.4199773 0.5680554 1.163714 1.195066 0.3753066 0.5586575 1.06323 1.325874 0.6722857 0.4495265 0.7145118 1.412076 0.8844238 2.029234 1.940987 0.8946706 0.3143821 0.5132604 0.7846064 0.7501853 0.7863574 1.046943 1.291802 1.174486 1.098653 1.125422 1.214168 1.118536 0.8289323 0.7358208 1.282356 1.59095 0.9378634 0.5441918 1.274995 0.7555711 0.4755893 1.362198 1.545588
0 0.05570706 0.1355447 0.3251295 0.6225318 0.7196189 0.6913443 1.198774 1.577409 1.874141 2.145985 1.76196 1.144924 0.7076206 0.6069349 0.932666 0.8415545 0.4923859 0.0874816 0.1440426 0.1400891 0.1591856 0.1252995 0.4995564 1.438775 1.719149 1.113493 1.166865 1.425733 0.6586739 0.7789409 0.9144375 2.17845 0.7479836 0.5656686 1.59063 1.518154 1.415754 1.244037 0.613768 0.05232652 0.5931501 0.8214073 0.7839421 0.5458592 0.3774108 0.3168799 0.3144148 0.3918029 0.5060257 0.4618401 0.9084308 1.240368 1.869744 1.295187 1.159765 0.6732767 0.4052837 1.647714 1.314689
0 0 0 0.01620569 0.07569357 0.1939235 0.3015375 0.6988637 1.20652 1.376427 1.567526 1.89944 1.841772 1.311984 0.3811567 0.8501189 1.031207 0.3910376 0.2537971 0.5179753 0.5772026 0.5988091 0.5436165 0.4648013 0.4743746 0.7090244 0.9249016 1.668564 2.143146 2.304675 1.996291 2.158421 2.627899 1.6417 1.994883 1.016268 0.5117553 1.532086 1.925028 1.099959 0.7227413 0.4906223 0.4230825 0.251205 0.09323218 0.03178819 0.05680124 0.06264165 0.1293046 0.3186151 0.5003637 0.6001095 0.6267437 1.526679 2.395118 1.790964 0.2274408 1.370273 2.369434 2.036066
0.005064279 0.007161973 0.005064279 0 0 0 0.005064279 0.02088056 0.1252176 0.2600656 0.3762007 0.5418314 0.8697081 1.380466 1.623497 0.5204645 1.322611 0.348013 0.4103246 0.3432704 0.2731331 0.2618425 0.3615322 1.113167 1.737695 1.603262 1.846105 1.651854 0.5160955 1.256245 1.445802 2.262161 3.635916 2.415374 1.089318 1.105476 1.186467 0.7647922 1.128523 1.710329 1.675107 1.093067 0.2007185 0.06995305 0.0426964 0 0 0 0.02633425 0.1146809 0.4276668 0.6531829 0.3937916 0.770444 0.5808139 1.083793 0.8652807 1.294368 2.653765 1.002478
0.02237472 0.02296303 0.02035815 0.007373702 0.002025712 0 0 0 0 0.002025712 0.008165905 0.03154521 0.1694494 0.5564682 1.47981 1.60334 0.9714178 0.3563278 0.2781185 0.6362965 0.6846235 0.5110543 0.4869992 1.066854 0.3637457 0.09256408 1.21688 1.300347 2.086132 1.085225 0.2623513 0.5628099 1.857606 1.675628 0.478058 0.9138811 2.099515 2.748621 1.5213 1.261938 2.321282 1.793239 1.071418 0.3422633 0.01620569 0 0 0 0 0.07193413 0.2757478 0.8326451 0.329363 0.8397977 0.4981076 0.642416 0.7626354 0.8076798 1.547789 1.458797
0.04939164 0.05758153 0.05477854 0.03876738 0.02221366 0.01185517 0.004051424 0 0 0 0.009608794 0.009059258 0.02167606 0.08114228 0.2969041 0.6331388 0.6586747 0.3242006 0.03882026 0.1523057 0.503624 0.6417283 0.8356254 1.462994 1.619096 1.48711 2.049106 1.937292 0.8439421 1.212144 1.940714 1.900643 1.508981 1.494502 0.6152102 1.758846 1.37446 1.837664 3.344088 2.022006 1.59337 0.932666 1.46153 0.9047266 0.04861707 0 0 0 0 0.03848852 0.1255613 0.608261 0.474075 0.5598387 0.5928258 0.6671106 0.92942 1.372848 2.443803 2.046416
0.08327616 0.1080389 0.1033559 0.08765148 0.07035518 0.0599299 0.04761499 0.03403256 0.02594176 0.02153361 0.03080481 0.02582286 0.01572375 0.037366 0.04570213 0.1126502 0.2667871 0.3749607 0.2662578 0.1868623 0.2269373 0.3574919 0.455128 0.6158801 0.6661713 0.7257344 0.9699092 1.057112 1.023524 0.8532702 0.5652614 1.948854 2.857436 2.383613 1.042649 1.778722 0.7434697 0.4864049 2.104965 2.748812 1.560631 0.2310409 1.27344 1.827708 0.877517 0.1468638 0 0 0 0 0 0.1221655 0.8787661 0.7823089 1.363181 1.070004 1.475014 1.665727 2.025557 1.289803
0.1373342 0.1719882 0.1693646 0.1778299 0.1758547 0.1542234 0.1494088 0.1578817 0.1393365 0.09245874 0.03891265 0.02191142 0.04176111 0.05905912 0.04549966 0.02755266 0.02582286 0.1454565 0.238517 0.2263353 0.1447849 0.2437856 0.2556436 0.2222048 0.3472148 0.3718564 0.3259426 0.6238953 0.8668107 0.5861912 0.7884622 1.391976 1.006835 0.4916916 0.9300867 1.799041 2.019681 0.8848168 0.1096927 1.118686 1.757589 1.471839 0.7530128 2.12168 2.724889 1.333167 0.5068703 0.3578447 0.5610219 0.5254271 0.2329556 0.08925201 0.8994197 1.357011 1.475452 2.538336 0.7634366 0.80086 1.938722 0.701143
0.2127205 0.3019659 0.3405882 0.3606658 0.3293381 0.2767003 0.2945365 0.3504803 0.3595762 0.3047119 0.1948918 0.1539571 0.2433476 0.2732832 0.2196766 0.1181181 0.02944259 0.0492252 0.03850184 0.07279182 0.1024336 0.1640697 0.2118821 0.2224816 0.3168507 0.3916497 0.4261782 0.7148734 1.058658 0.5192836 0.3087187 1.385005 0.6695163 0.3761407 1.077408 2.347297 3.201291 2.386761 0.9874387 0.004176112 1.023339 1.935221 2.854992 1.499519 1.331241 2.420124 2.194151 1.543177 1.550685 1.646285 1.77394 1.725929 0.8137149 1.521931 0.3944878 2.350187 1.691457 1.467712 2.312537 1.30864
0.5252045 0.7586821 0.8349329 0.8128625 0.9751577 1.22265 1.015689 0.7121457 0.6716951 0.5952708 0.4651862 0.4357374 0.5174601 0.51072 0.4381754 0.2858402 0.1495769 0.05490014 0.0551053 0.09199154 0.1085835 0.1032317 0.1064462 0.2093076 0.3374884 0.399942 0.3849128 0.5687141 1.312502 0.7348583 0.6097574 1.470168 0.5471702 0.6281357 1.515386 0.7127382 1.988003 2.813727 1.555547 0.7061108 0.1764836 0.4112922 1.931645 3.226732 2.840386 1.503498 0.666249 0.4309165 0.2482225 0.1629214 0.7357824 0.9538097 1.010038 0.7010171 1.520586 0.4932809 1.426131 1.931429 2.634198 2.572974
2.31698 2.788974 2.80668 2.630525 2.841802 2.961249 2.633604 1.765927 1.675484 3.00565 3.540887 2.409801 1.121455 0.7935559 0.6853235 0.5948071 0.5146016 0.3092831 0.1731475 0.1445119 0.111414 0.09064911 0.09310556 0.1999632 0.324441 0.4311557 0.4839397 0.4365618 0.799325 1.51286 1.802766 1.718767 0.7362472 0.6424543 1.293455 0.5531171 0.8652001 2.523417 2.265087 1.308885 0.87818 0.6189303 0.1327109 0.8578553 2.165864 2.929964 2.660258 2.080875 2.015423 2.101255 2.340482 2.337902 1.282586 0.3533951 0.4535023 1.072984 1.708689 2.67695 2.504511 1.994968
3.102359 3.620277 3.469674 3.560369 3.115382 2.289611 2.522336 3.38406 4.080809 4.909191 4.943411 4.690409 2.295021 1.533916 1.820306 1.7107 1.380573 1.283851 0.9346052 0.5577607 0.2852204 0.1500152 0.1158955 0.1986946 0.3150015 0.4896837 0.8909334 1.268287 1.269528 1.368279 2.096348 0.6959341 1.259837 2.18173 2.571833 1.953598 1.36849 1.604677 2.177572 2.659168 2.60556 2.00216 1.733036 1.068489 0.2856248 0.1306935 0.8425702 1.417617 1.416158 1.292522 1.696491 1.953615 1.921212 1.789146 0.7215532 1.345245 2.023339 1.874716 2.253457 1.911785
1.563658 2.725334 2.875027 2.949086 2.68864 1.959314 1.159661 1.640106 1.665465 2.134625 1.523793 4.398432 3.426918 2.809331 4.128014 4.642297 3.846028 2.960389 2.462953 2.082514 1.277822 0.5793285 0.3122885 0.2628045 0.3261125 0.4352899 1.069878 1.492178 0.6388472 0.4456257 1.659231 1.93394 1.798789 1.422806 1.033111 0.6473649 1.911958 1.765724 2.326679 3.032817 3.309335 2.942359 2.408197 2.03948 1.215827 0.5570274 0.1875528 0.06970329 0.02852228 0.1702949 0.4651377 0.5629375 1.084442 2.207103 2.441732 2.925585 4.18371 4.596818 3.76011 2.559562
0.9075 0.9903076 1.538999 2.276582 2.697906 2.690344 1.483632 1.117319 0.4600508 1.743134 1.42262 2.068574 3.603695 2.313823 1.752612 2.207587 3.51052 3.592979 3.206182 3.387896 3.191312 2.194523 1.134747 0.5568469 0.4823516 0.3971158 0.7872262 1.648803 0.755176 1.009141 1.122638 0.147115 2.112489 2.175793 1.263852 0.9651864 1.001883 1.705985 1.163144 0.8331234 1.534735 2.527266 2.292094 1.510007 1.698364 1.208263 0.4746815 0.3011137 0.2840473 0.3070645 0.4934513 0.6445519 0.2874292 0.6938847 0.8756217 0.6720966 1.240204 1.678286 1.835861 1.15832
1.078287 1.861742 2.164612 1.394045 1.280181 1.934186 1.428038 1.810058 2.167367 1.338655 0.979799 0.4143511 1.478062 1.653253 1.258271 1.567513 1.751083 2.793995 2.73674 2.894838 3.150335 3.2961 2.664761 1.688099 1.992969 1.829315 0.9482895 1.105724 1.827785 2.43946 2.281751 2.129998 1.221145 1.428493 1.608596 1.182675 0.8876923 0.6130816 1.087219 0.6488723 0.3446676 1.392634 3.008584 1.599185 0.9542402 1.543868 0.9197146 0.4436636 0.3648777 0.4678029 0.7054219 0.7399407 0.1464756 0.7561471 1.338512 1.584319 2.116269 1.779525 0.2198726 3.379666
0.925575 0.8193545 2.059036 3.067712 2.724828 1.747456 1.369646 1.277287 0.06396244 1.517511 1.300916 0.1437146 1.413849 1.179525 2.037393 1.979957 1.086785 1.979484 2.103556 2.072125 2.166567 2.904869 3.010514 3.180834 3.851573 3.414131 2.319848 1.268155 1.955378 2.350375 0.4622009 1.433167 1.714587 1.003049 1.338398 0.6234415 0.8349525 0.9538312 0.7147357 0.1272171 0.76803 0.9102104 2.248089 1.966606 0.9958106 1.584077 0.9007511 0.4877191 0.500962 0.7379482 0.7570744 0.683976 1.129072 1.234546 1.181103 0.7138332 1.528287 2.904364 1.521848 3.006881
1.061833 1.215357 1.003848 0.5567852 0.1510375 0.2060574 0.2553545 0.7920423 1.50301 1.308649 1.015541 1.786293 1.543532 0.7697302 1.361637 0.3260621 1.416159 0.5197663 0.7571583 1.149603 2.130769 3.007888 2.52443 4.238951 3.864524 3.913434 4.0281 3.47262 2.481098 1.236781 1.086447 1.238311 0.6602914 0.7932664 0.3069258 0.7127893 0.7423825 0.5962857 0.6692397 1.083027 1.312985 1.074354 2.041812 1.09625 0.5047724 1.667035 1.342431 0.630347 0.907387 0.9339686 0.3170724 1.335363 1.487336 1.284329 1.029926 0.695898 0.7133912 2.157236 2.203943 1.656113
1.652906 1.769481 1.704645 1.922194 1.907632 1.847012 1.715744 1.481855 0.4540042 1.757129 1.38317 1.071636 2.104481 1.69335 1.255858 0.7116984 0.6100332 2.109796 1.914913 1.334352 0.3690096 2.331134 1.869039 2.555233 0.8763329 1.92561 2.069473 1.154301 0.4577765 0.7330354 0.6818635 0.2337491 1.612334 0.645915 1.03876 0.1808275 0.3831605 0.8637528 1.049966 0.4734221 1.966177 1.513054 1.280611 1.044818 0.5845871 0.5485062 1.489336 1.694839 0.7212753 0.3361804 1.041515 0.882165 0.5841448 0.7220257 1.096606 1.394505 1.40089 1.885808 1.825004 2.31886
0.7298481 0.5043902 0.6197923 0.5730004 0.4241794 0.3560672 0.371173 0.5578481 0.7471083 0.6255971 1.77135 1.457173 0.4509163 0.4618933 0.6615268 0.4259278 1.282068 0.5581615 0.7471907 1.854855 2.363306 1.734396 1.136751 2.112914 2.271499 1.821163 1.932343 1.692911 1.137821 1.270081 0.9113808 1.035604 1.382782 0.73497 0.5949329 0.8247759 0.628906 1.005357 0.5253149 0.8207628 1.671739 0.8477717 1.33119 2.472515 0.8300766 1.407914 1.819707 1.607553 1.04763 1.477597 0.7074466 0.2738907 0.3175444 0.2997273 0.7614248 1.256359 1.371265 2.314177 2.668209 3.756639
0.5334145 0.375786 0.184978 0.5817597 0.1704544 0.287081 0.3410097 0.5002735 0.5196608 0.8312397 0.3533951 0.5490314 0.9570491 1.190935 1.302062 0.7713248 0.775894 1.212104 1.373064 0.6548664 0.7023415 0.8294085 0.1538737 0.2853229 0.7785016 1.510872 1.191209 0.922877 2.330877 2.603629 1.577713 1.625702 1.218782 0.7254616 0.3951698 0.6154878 0.4790739 0.8120849 0.238332 0.3174927 0.7824275 0.6581154 0.6615174 2.851709 1.600099 1.036056 1.593876 0.5318652 2.907131 2.786275 2.14979 1.154226 0.6295613 0.1166367 0.6370609 1.728259 1.571716 0.3976953 2.280806 2.992654
