SiB2_DBHM_derive_trans/DBHModel/MODEL/GEO_INPUT_DATA/slpsib.asc
ncols         221
nrows         126
xllcorner     -457500 
yllcorner     -1500500
cellsize      10000
NODATA_value  -9999
[rows 0 to 27 of 126, columns 0 to 61 of 221]
1.241563 1.732264 1.988555 1.708871 1.791354 1.029209 1.160225 0.9866535 0.842249 0.6148485 0.6795338 0.7530649 0.6752853 0.8454042 0.834928 0.9809566 0.7596412 0.918649 0.9995719 0.6989276 1.106524 1.036193 0.7456737 0.6125361 0.4228576 0.4554895 0.467401 0.6065507 0.6508191 0.5374141 0.757746 1.534336 1.830046 1.466159 2.504128 2.467097 2.029518 1.601973 0.9240142 0.6559914 0.8074969 1.296992 0.5529712 0.7075742 0.7920912 0.6909586 0.9598696 1.282197 1.043161 0.7699889 0.7707747 0.6796378 0.6864486 0.7219026 0.673542 0.6563804 0.6719875 0.6509515 0.6152595 0.5951135 0.57428 0.477716
1.122596 1.279745 1.343431 1.318034 1.145117 1.02471 1.084824 0.7761179 0.5243006 0.5706874 0.7199224 0.755251 0.620003 0.8769938 1.131744 0.6404678 0.6860133 0.8115156 1.079506 0.876107 0.7450323 0.5961398 0.671419 0.4408666 0.4772877 0.4062665 0.4484474 0.542914 0.3968743 0.3816216 0.5143572 0.7249821 0.8996409 1.399316 1.544442 1.927099 1.590715 1.137035 0.513347 0.7511524 0.9392901 0.7911875 0.6357535 0.6489831 0.7366813 0.8963399 0.7996576 0.7822841 0.5515239 0.6809595 0.480058 0.4940065 0.6805126 0.7496908 0.5495644 0.4728034 0.4429321 0.405983 0.3813565 0.5498197 0.4769326 0.4462562
0.6529852 0.7371457 0.7522214 0.7440543 0.8858536 1.114097 0.7363771 0.5923959 0.3878876 0.429733 0.5320739 0.3955722 0.509993 0.5719956 0.6228069 0.6711274 0.6862682 0.6173956 0.8154202 0.7957352 0.8093429 0.8474073 0.838569 0.8518102 0.6793872 0.8454068 1.087774 1.049757 0.73519 0.483905 0.6407585 0.7290305 0.6893121 0.9275115 1.352016 0.7979326 1.052298 0.9762731 0.9492738 1.022292 0.8644679 1.048809 0.7528909 0.4529213 0.7957621 0.9832315 0.8865275 0.7816929 0.8259945 1.091572 0.7945804 0.5778968 0.5351259 0.5693232 0.7360145 0.669961 0.6336899 0.6432296 0.5342574 0.4450009 0.4515736 0.4683047
0.4833271 0.6271085 0.7649593 0.7623465 0.7078406 0.6649943 0.4274772 0.5638757 0.5005713 0.4348262 0.4657849 0.505689 0.5054038 0.6526033 1.055451 0.9138759 0.7854428 0.9066375 1.509215 1.138538 0.6673608 0.6846784 0.7518442 0.8067157 1.174472 1.26007 1.123445 1.293398 0.9375157 1.083952 0.7313251 0.4754534 0.4063204 0.4344586 0.5699921 0.7870469 1.327168 1.186118 0.599938 0.2764826 0.4926838 0.9706205 0.863766 1.092973 0.8074014 1.019639 0.9885419 0.5266291 0.1873842 0.5447412 0.4765568 0.3710243 0.2581514 0.267766 0.3496358 0.4037862 0.416819 0.3810013 0.3638386 0.3476693 0.3722773 0.4585108
1.001312 1.035503 0.9178833 0.9616514 0.6953071 0.5422134 0.5272364 0.5804536 0.6492272 0.6173977 0.677335 0.6185952 0.7828905 0.8721399 0.6204 0.4664372 0.6118057 0.6584455 0.8990126 0.8816288 0.8001133 0.8192617 0.7910503 0.5792809 0.3845254 0.5100207 0.5366037 0.7965852 1.042196 0.9870945 1.122634 0.8983701 0.470642 0.5192093 0.4751117 0.7657002 1.318735 0.8578959 1.114737 0 0.377056 0.6551808 0.7442752 0.8387633 0.7170195 0.7704898 0.86114 0.8205715 0.33925 0.3669882 0.2165477 0.06231561 0.1841636 0.1210588 0.0954656 0.313146 0.3397771 0.4525051 0.3637043 0.3470973 0.3280224 0.3132301
0.7711964 0.6368479 0.8385082 0.7167915 0.6610386 0.7303816 0.7076614 0.951094 0.9391137 0.7776162 0.8480175 0.6874574 1.518569 1.139193 1.034738 1.174564 0.7563562 1.044279 1.404997 0.9297584 0.9727492 1.140436 0.9509836 0.8442127 0.5571715 0.4876298 0.5583344 0.4934886 0.5705717 0.740992 1.054548 1.064393 1.198273 0.6930947 1.281894 1.424169 0.9183356 0.9459601 0.7217174 0 0.5000843 0.8939615 0.6259754 1.013804 0.6476837 0.9960923 0.4950476 0.2363642 0.1744224 0.25517 0.3020554 0.2532655 0.1832945 0.1552423 0.1013265 0.1435166 0.2794065 0.3129419 0.4194216 0.4592836 0.4253424 0.4761964
0.6398394 1.047223 0.8877561 0.8544656 0.7555585 0.9568616 1.000939 1.258261 1.345827 1.439647 1.222251 1.501231 1.212474 0.7543674 1.00737 1.734244 1.254099 1.043293 1.402758 0.7709416 1.041846 1.473984 1.186935 0.8503656 0.6546593 0.4073252 0.2823871 0.4275069 0.5670782 0.9675686 0.9562226 0.8424125 0.844579 0.8920079 0.9399621 0.9836912 1.056163 1.437807 1.034452 0.3362697 1.668467 1.277768 0.9381207 0.8154975 0.6509402 0.06414879 0.08585559 0.1345559 0.1753608 0.1521879 0.1684597 0.2111106 0.2166859 0.1074123 0.1452623 0.1319624 0.1419859 0.3712512 0.4630557 0.6880377 1.183218 1.36997
0.6339425 0.7576728 0.9010732 0.9291506 0.8735145 0.9143241 1.281678 1.013417 0.9686983 4.345031 2.567774 2.139793 1.801782 1.439828 3.316791 2.590395 1.436793 0.7467996 0.806422 0.6523027 1.082631 1.15864 1.022899 1.04409 0.7585983 0.5279355 0.3609553 0.5712849 0.7345732 0.6542741 0.9340068 0.7533802 0.8454832 0.9715249 0.9384526 0.7041923 0.893876 0.9239445 1.294439 1.371277 1.233143 1.050609 1.029132 0.6662448 0.6502481 0.2167837 0.1684501 0.1406895 0.1350432 0.07764923 0.07927255 0.05910181 0.1448112 0.1767663 0.1438643 0.149224 0.2228893 0.457592 0.5875619 0.7381824 0.7018065 1.199597
0.8611828 0.9770433 0.906729 0.9173803 1.439106 2.585888 2.192813 1.493923 1.021204 2.509869 3.377201 3.441111 1.78736 1.711897 0.7411754 0.8908295 0.9378365 0.8559513 0.7698231 0.4725461 0.4078155 0.6586994 0.8897254 0.7677 0.6935455 0.5116699 0.3683984 0.5798243 0.5875927 0.5912384 0.5286401 0.6640783 0.5868105 0.5886825 0.7128771 0.6971195 0.8731785 0.9048073 1.217824 0.7000948 0.7626778 0.7138956 0.5683001 0.3150099 0.1514608 0.1534266 0.2193039 0.1465376 0.1269252 0.04815782 0.05226498 0.04920762 0.08948295 0.08693832 0.08304463 0.08047424 0.2423271 0.5268492 0.7751434 0.6183165 0.6346995 0.5194986
1.2284 0.9368498 1.271602 0.9765605 1.974232 2.326184 1.922401 3.201971 2.211727 1.36022 2.254006 2.68364 1.45388 1.107165 0.7052141 0.6355706 0.7610196 0.8365007 0.4895783 0.4322652 0.6917772 0.4769476 0.5160468 0.5117455 0.489432 0.4148503 0.4858143 0.5267535 0.6438351 0.6010368 0.6797703 0.7180245 0.5948005 0.5711892 0.7809236 0.6804488 0.7545313 0.8623022 0.7538068 0.9669552 1.183675 0.851303 0.7263034 0.2145337 0.08152407 0.1418055 0.1873433 0.20592 0.1742828 0.1669943 0.09580052 0.0896764 0.07828637 0.08507651 0.08704818 0.0666027 0.133303 0.08184697 0.06049243 0.09041183 0.1947365 0.3604308
0.7944492 1.095768 1.391029 1.261561 1.609451 1.074206 0.9453903 1.452252 1.637768 1.22632 0.883426 0.750272 0.494072 0.5999341 0.8442156 1.191749 0.8556285 0.4722066 0.3726038 0.3965696 0.4723765 0.5748953 0.4007736 0.4441158 0.3688253 0.4017 0.5085428 0.8796378 0.6450276 0.6899129 0.4743299 0.4435564 0.4682555 0.438129 0.5576796 0.5214217 0.6126562 0.6853617 0.8538777 0.9085159 0.7488715 1.000329 0.6559106 0.2173387 0.1693533 0.2337087 0.2529362 0.1761367 0.175207 0.1969213 0.2587988 0.2572184 0.2020443 0.1083108 0.09723429 0.09615711 0.1147018 0.1053131 0.03240276 0 0.08068196 0.0004051423
0.6546902 0.6761221 0.8431069 0.7696681 0.7414267 0.7250764 0.6274503 0.4777799 0.4228239 0.3757599 0.4402746 0.6032049 0.6995215 0.5238939 0.4593769 0.6129896 1.055607 0.6299132 0.3520989 0.313917 0.3880967 0.476872 0.6178263 0.6613871 0.555003 0.6019797 0.4626688 1.233065 1.044814 0.890882 0.5261925 0.5908626 0.4607038 0.5198926 0.4661575 0.553936 0.5712819 0.6297708 0.8091957 0.3122551 0.3662865 0.778955 0.4071331 0.1736927 0.183466 0.2195858 0.1376577 0.1140286 0.08061083 0.09701739 0.12099 0.1171451 0.1385572 0.1354241 0.140012 0.1110022 0.09768679 0.07847251 0.02415488 0 0.1581722 0.2650977
0.719349 0.5404875 0.7704899 0.7528409 0.4266004 0.4170901 0.3087944 0.3261876 0.3023195 0.3959846 0.5712103 0.6788086 0.718529 0.5861481 0.6496197 0.7350269 1.004122 0.7169333 0.5656511 0.5032133 0.5270494 0.730644 0.8931749 1.161483 1.073527 0.8819177 0.4421739 1.485054 1.188552 1.21747 0.7566515 0.8678508 0.6348093 0.6236414 0.8741589 0.9823965 0.6413388 0.7434419 0.929469 0.5124867 0.446046 0.3077109 0.4915771 0.1404619 0.1882097 0.1612237 0.141396 0.1672549 0.1539668 0.1268853 0.1389453 0.1108832 0.1430538 0.126843 0.114733 0.1442492 0.1220055 0.07547419 0.004068936 0.06375954 0.4013858 0.6321669
0.5743483 0.4223219 0.4177826 0.4648701 1.209579 1.69458 1.373596 0.3825302 0.4882546 0.7507949 1.496495 1.473152 0.831952 1.161812 0.6848718 1.308784 0.6729826 0.6374641 0.49649 0.8048515 1.412182 2.2068 1.617171 1.127013 1.170068 1.331967 1.039191 1.471526 0.9484259 0.6553015 0.9402021 0.6279925 0.7472359 0.7040154 0.9396905 0.6071163 0.5912474 0.3557616 0.8547776 0.9586559 0.7297235 0.4188284 0.6157528 0.2662418 0.1614055 0.2066812 0.1639992 0.159439 0.1676591 0.1040215 0.09363544 0.1245684 0.1597186 0.1132679 0.1193383 0.1733334 0.1405545 0.01472661 0.0002025712 0.1026402 0.3779988 0.4139946
0.3978451 0.3531017 0.4346063 0.336866 0.4128928 0.3298923 0.4288527 0.749745 0.8771385 0.7591969 1.171684 1.746183 1.581236 1.09679 1.032714 1.593899 1.1743 1.102895 1.224392 1.761013 1.353733 2.907163 4.435894 2.22771 1.652018 1.651903 1.182451 1.61469 1.095774 0.6100605 0.4014667 1.318977 1.055727 0.9968998 0.4557179 0.3141331 0.4638515 0.6535094 0.939509 0.6409436 0.8324982 0.795197 0.607886 0.3596421 0.1941194 0.1810246 0.1728807 0.1371749 0.2119401 0.2157037 0.1599155 0.1653034 0.2244087 0.09315997 0.09820461 0.1981302 0.1856814 0.1244977 0.07092523 0.08725305 0.1405783 0.1444806
0.5879516 0.7258845 0.8368908 0.7876315 0.7702349 0.4361419 0.9291797 1.041374 1.167445 1.700307 1.366711 2.012879 2.24529 1.697934 1.694307 1.466903 1.076739 0.474341 0.4500254 0.9904231 0.8493754 0.7412301 0.8881771 1.914113 1.590959 1.519287 1.588186 0.9981033 0.7779858 1.102835 1.332585 1.384967 0.9795839 0.4354854 0.2770074 0.2916596 0.452661 0.7846122 0.8225621 0.6978624 0.9171157 0.684285 0.6298361 0.4017102 0.2787552 0.05385186 0.08884322 0.1056428 0.08374362 0.09504981 0.15936 0.1784105 0.2197548 0.08282217 0.1197192 0.2274985 0.1598039 0.1260177 0.1927036 0.4651685 0.4897676 0.396904
0.8069557 0.9270219 1.173764 0.8125594 0.785909 0.8984538 0.6970879 0.6516909 0.8093998 0.6987333 0.9150714 0.805513 0.8248149 0.9484494 1.565927 1.750986 0.9260762 0.3799086 0.6568234 0.6409487 0.5339738 0.5110932 0.5180314 0.540213 0.5305634 0.5977771 0.7320009 0.6189114 0.7246612 0.7279525 0.9254846 0.845264 0.7434697 0.7421073 0.5371257 0.4535753 0.7169572 0.5746346 0.8975085 0.8380046 0.784812 0.7438232 0.5870225 0.4588765 0.4513156 0.1845411 0.09949879 0.1181949 0.1720524 0.1741069 0.1466916 0.2420027 0.2100535 0.1160288 0.1278301 0.1412487 0.1029408 0.1000921 0.3707312 0.4407292 0.4427937 0.4867337
1.287678 1.363287 1.536092 0.9639804 0.8509434 0.6791353 0.8370298 0.7484666 1.372611 1.37219 0.7475631 0.565928 0.8403175 0.6686957 0.8961744 0.8541132 0.7754756 1.010785 1.992532 0.7151999 0.6389892 0.5971666 0.5123683 0.4523349 0.4347012 0.4590937 0.4077768 0.5142094 0.5205064 0.7642007 0.5990821 0.957169 0.7581826 0.6050787 0.6656754 0.5346732 0.63464 0.5262155 0.7720658 1.30787 1.167789 1.258903 0.6837509 0.6522856 0.5523381 0.7081384 0.1214368 0.1122398 0.1003511 0.1595022 0.125926 0.1186763 0.08402936 0.09784315 0.1414436 0.1307449 0.130458 0.1798332 0.3794177 0.4212278 0.502543 0.5712218
1.513459 0.8052903 0.875508 0.9341437 0.8886805 0.8189757 1.077691 0.8578809 0.9246463 0.9719368 0.7968771 0.5695844 0.4809441 0.5121312 0.8176364 1.880064 2.174708 1.109109 1.115572 0.6834612 0.68174 0.5127699 0.6724439 0.672955 0.5049101 0.5171088 0.5407773 1.048781 0.6373044 0.4594252 0.8100545 0.6254269 0.7105194 0.6116164 0.929042 0.5252277 0.4014874 0.9647668 1.236645 0.9953074 0.8013791 0.7863972 1.173047 1.438161 0.9969363 1.326466 0.8878446 0.6588233 0.1413197 0.1430153 0.1184305 0.1426141 0.1070652 0.09187779 0.1019662 0.107196 0.08560798 0.05991972 0.3740979 0.4010211 0.4750825 0.4447779
1.186179 1.689088 1.460341 1.570295 1.462478 1.25843 1.430524 0.887481 1.067688 0.7803381 0.6273797 0.4916443 0.5197962 0.558868 1.499176 2.33505 2.656551 1.297008 0.9612845 0.6370885 0.8845866 1.040712 1.153275 1.067266 0.7806645 0.6706331 0.6567325 0.9007956 1.040431 1.235078 1.044296 0.5847822 0.2307547 0.8146973 0.7748744 0.9315783 0.5221582 0.7733378 0.8208459 0.7812449 0.6374922 1.16627 0.9293556 1.210291 1.295306 1.463494 1.96865 1.165499 0.1525997 0.3338714 0.1101064 0.1247106 0.1329018 0.1246659 0.107225 0.1045392 0.09072252 0.05888512 0.4230508 0.5348439 0.5152888 0.5432738
1.084428 1.469974 1.445952 1.30224 1.209399 1.068398 0.8833953 0.7968584 0.7715342 0.7348106 0.6885214 0.5866926 0.5487426 0.5113574 0.5497044 0.66345 0.7686412 0.6540706 0.721504 0.6403087 0.8407472 0.9463519 0.757018 0.6504943 0.5736832 0.7079084 0.5015066 0.2291628 1.075238 0.8775228 1.006398 0.5158741 0.841437 0.6737156 0.6483414 0.9185936 1.03462 0.9006475 0.9306549 0.6463433 0.5523519 0.4894657 0.4832528 0.698834 0.9075708 1.02605 1.033977 0.5702732 0.1593305 0.106647 0.1154855 0.1496385 0.1700447 0.1219792 0.184066 0.1307989 0.1671785 0.1503025 0.5898553 0.4828651 0.5231524 0.5635068
1.107771 1.323569 1.110204 1.099832 0.9420605 0.8642973 0.8280479 0.7561297 0.8222404 0.7646121 0.667812 0.635208 0.5849342 0.6133753 0.6005943 0.588917 0.6027408 0.7661337 0.6490527 0.4643112 0.4159906 0.3975984 0.4574653 0.4419054 1.143388 0.9642742 0.8637457 0.9866295 0.7872103 1.264671 0.9968715 0.8462443 0.5905089 0.5189894 0.4199638 0.3288401 0.3946244 1.189953 1.193552 1.180425 0.9812327 0.8765055 1.399659 1.399319 0.7330964 0.3334183 0.227614 0.3343883 0.2589738 0.1629194 0.175662 0.2112955 0.1800176 0.151157 0.1258678 0.07831039 0.1487528 0.1876536 0.5925227 0.4480529 0.6076909 0.4466611
0.9870635 1.035796 0.9108081 0.7669817 0.7061474 0.6504434 0.7029247 0.7080007 0.6255052 0.6788117 0.6737673 0.6675334 0.6518492 0.6459028 0.5810287 0.6345641 0.671748 0.8021048 0.723603 0.6421199 0.7324497 0.5435631 0.609687 0.5524663 0.7523893 0.656798 0.6656049 0.6132624 0.9948097 0.6359213 1.057573 0.8092553 0.3505038 0.4601205 0.6555161 0.6404852 0.601223 0.8588071 0.5811316 1.043548 0.9579386 1.02181 1.021329 1.110352 0.8692231 0.1593663 0.2655171 0.4283131 0.2653113 0.2757111 0.2518544 0.1950005 0.1948538 0.1785384 0.105019 0.08822963 0.1289987 0.1673528 0.5123082 0.4379128 0.5981356 0.607555
0.7197891 0.6507488 0.4934113 0.3593075 0.4376254 0.5235903 0.5107856 0.5854594 0.5090725 0.5950926 0.5986649 0.6370726 0.6341626 0.6126627 0.6032258 0.6975434 0.6630022 0.6435568 0.6057522 0.861253 1.018902 1.169051 1.026009 0.8587387 0.9264622 0.9701259 0.9513749 0.6916485 0.8417659 1.105378 0.8242909 0.6110727 0.4544302 0.5736413 0.9453486 1.039451 0.8572415 0.664717 0.9312372 0.7214183 0.7992461 1.104092 0.9329013 0.8347102 0.4282575 0.1383461 0.1190448 0.1060385 0.1009775 0.1406352 0.2309667 0.08598772 0.1287614 0.1055978 0.03940479 0.07889719 0.08798462 0.2388413 0.3695628 0.4231633 0.5711545 0.6932723
0.160326 0.1233361 0.1303991 0.2616587 0.141695 0.1589283 0.2352888 0.3198099 0.3903333 0.2794227 0.3697685 0.3918628 0.4650875 0.5894005 0.8260149 0.4904266 0.5652084 0.5186563 0.502687 0.668483 0.7950339 0.9966007 0.8906254 0.9686803 1.06115 0.9173144 0.9863979 0.8294057 0.6885941 0.9615576 0.7482818 0.6883096 1.122841 0.4911342 0.7766849 0.6770988 0.8923956 0.9801443 0.8434877 0.5559049 0.5865445 0.7996316 0.7863334 0.4787215 0.4225721 0.157395 0.1647887 0.184439 0.2037141 0.1609204 0.1797484 0.199891 0.2235408 0.1855301 0.0874829 0.1094641 0.1881696 0.2649444 0.3116128 0.4236729 0.4980895 0.6163305
0.07834262 0.04419786 0.07606286 0.2516931 0.1634797 0.1248717 0.1229366 0.1209925 0.1879814 0.1433753 0.715135 1.291178 2.069717 1.34603 0.4207536 0.2841677 0.3166275 0.295434 0.2607095 0.1629742 0.384195 0.7309371 0.468218 0.6427637 0.7155524 0.8904699 0.6382961 0.6947652 0.5233128 0.8761246 0.8767567 0.6381652 0.7249321 0.834655 0.9010374 0.9376267 0.8751345 0.9249176 0.7357708 0.9553427 0.7623218 0.6292878 0.5424309 0.6037242 0.5647148 0.1695125 0.1529296 0.2033752 0.1751148 0.1662677 0.2920182 0.4698403 0.556293 0.5665622 0.4765182 0.4447034 0.334738 0.2846122 0.3241749 0.4388372 0.3938813 0.5083066
0.2047336 0.1216517 0.06211986 0.2060058 0.2683454 0.2251547 0.3024606 0.7337862 1.151912 1.220237 0.8967316 0.6045164 0.5520869 0.3221293 0.301085 0.4237172 0.4707296 0.5532858 0.6397524 0.3887264 0.3026452 0.3163492 0.3887074 0.338686 0.3193794 0.1697349 0.1152194 0.1909553 0.3370268 0.5559524 0.8822272 0.7721789 0.8940191 0.7615376 0.8844284 0.9128578 0.9325638 0.9639012 0.6042699 0.5655147 0.8526536 0.7816747 0.7898013 0.393897 0.3379643 0.306817 0.1371261 0.30252 0.5878127 0.7485874 0.6917499 0.4952387 0.3895566 0.3980648 0.4269295 0.4606312 0.4334361 0.4019595 0.3822845 0.3571318 0.5302168 0.5095162
0.1938375 0.2516237 0.1928584 0.4418393 0.4955519 1.381882 1.179591 0.7373179 0.6121798 1.239637 1.097714 0.5913801 0.2862618 0.3959868 0.5363551 0.5389291 0.499681 0.5866247 0.6273821 0.7204803 0.4856139 0.4235295 0.5470231 0.8027403 0.4779764 0.3668159 0.2262828 0.08680425 0.1421624 0.08797886 0.3358128 0.6138483 0.918081 0.7449487 0.7404448 0.8316141 1.008857 0.7745525 0.8246502 0.765867 0.6792347 0.4920542 0.2989181 0.2324292 0.3020014 0.29654 0.4876229 0.7182258 0.4861388 0.4432281 0.4364232 0.5232666 0.6213084 0.5148872 0.4934722 0.479615 0.5926883 0.5509908 0.562953 0.5500582 0.5562158 0.5049269
