SiB2_DBHM_derive_trans/DBHModel/MODEL/GEO_INPUT_DATA/slpsib.asc
ncols         221
nrows         126
xllcorner     -457500 
yllcorner     -1500500
cellsize      10000
NODATA_value  -9999
[rows 28 to 55 of 126, columns 124 to 185 of 221]
0.8638817 0.1702457 0.4061188 0.8323787 0.9217356 0.7266428 0.6689804 1.078926 1.410692 1.13304 0.9764882 1.660722 1.545496 1.659686 1.159067 1.098243 1.084681 1.334747 2.243249 4.354219 2.681614 2.320466 2.998137 2.54775 3.41519 2.798274 2.336426 1.617147 2.177305 3.450836 3.334939 0.6182396 0.03469602 0.1040562 0.375013 3.891916 5.708898 4.283159 3.593287 4.863918 3.96724 3.27304 4.132611 7.46568 4.745042 5.306891 4.944803 4.960305 7.701612 5.25966 3.265036 4.599146 4.120762 1.291703 0.6264845 0.1454625 0.1394301 0.1564147 0.2133384 0.11586 0.05663986 0.08369954
0.7597752 0.07801674 0.5453292 0.7672597 1.217693 1.298366 1.06905 1.064082 1.229944 1.053926 1.165011 0.9722906 1.6326 1.249069 1.51789 1.295033 1.161282 1.648801 1.305539 4.644912 2.259515 1.946397 2.778954 2.951522 3.394825 3.597109 3.29533 1.855298 1.835061 3.689773 2.490291 0.1616003 0.2139297 2.111781 4.804802 4.908819 4.152007 3.808497 1.744675 1.556746 2.458072 4.02027 4.359056 3.945289 4.315847 5.682532 5.848291 8.007397 5.454189 5.248281 4.216231 4.074801 2.235965 2.097931 0.327963 0.07980994 0.06463147 0.07544911 0.08434957 0.1634295 0.1581195 0.2272623
0.7770766 0.9005991 0.9874713 1.045361 1.373337 0.9392332 1.064229 1.310216 1.074555 1.05234 1.389266 1.202923 1.361727 1.680625 1.647781 1.493092 1.386074 2.308335 2.169297 3.601781 2.750272 2.758565 2.863276 2.491563 2.571275 3.550798 5.344213 2.40186 0.8685238 0.6717126 0.1891634 0.198763 4.720672 5.950907 5.59133 5.843113 4.047197 2.722933 5.187377 6.947273 5.096884 6.109404 4.452358 3.669434 5.574539 6.160786 5.485179 3.883717 3.881409 4.645205 3.139379 2.764502 2.525311 1.117222 0.3651119 0.1152805 0.06821208 0.08317883 0.1405887 0.1504348 0.2248561 0.2356387
1.055592 0.9516622 0.9391221 0.7727904 1.093213 0.3339849 1.004425 1.198652 0.8077618 1.095224 1.375026 1.374477 1.310348 1.586967 1.896088 1.873955 1.592367 1.383093 2.961922 1.942528 2.338486 2.555051 1.927239 2.761629 2.766024 2.505246 3.929764 1.387688 0.3853064 0.2208679 0.2928877 3.553425 5.955369 5.849141 3.129724 1.548255 4.455959 7.408895 8.334866 8.441286 7.207149 6.898982 5.965668 5.340124 4.940764 8.102731 7.388989 3.438899 4.33411 3.381236 2.328308 2.120339 1.478864 0.2612347 0.07935116 0.04257242 0.07089195 0.07275937 0.07000032 0.212493 0.1579494 0.2123447
0.9770419 0.6155717 0.5387042 0.7725425 1.092222 0.7290839 1.030545 1.236705 1.388977 0.9444249 1.413534 1.519089 1.275633 1.462551 1.834988 2.162081 1.848147 1.803503 2.043962 1.816995 1.784575 2.225594 2.126063 2.341803 2.735177 2.172279 4.209316 2.403206 0.9843968 1.397876 4.776588 6.633462 4.323709 1.282195 3.749159 7.953576 8.205678 7.68797 8.281528 8.582422 7.60722 7.898369 5.516409 4.350356 3.887048 3.615665 3.924404 1.813538 2.320713 2.074331 2.85194 0.7845246 0.1171568 0.1373506 0.100122 0.09111305 0.09263523 0.07023595 0.06155528 0.1369666 0.09913307 0.07762875
0.8469065 0.5488249 0.2902869 0.6030306 0.7622145 0.8136466 0.8968527 0.9286242 1.400343 1.431309 1.45259 1.581745 1.269158 1.434534 1.350767 1.557799 1.592889 2.082966 1.830568 1.59022 1.946338 2.243897 1.805403 1.877634 1.738567 1.840783 2.189079 2.588914 4.881641 5.534102 5.417558 6.584232 0.5783088 2.987667 7.832334 6.698334 7.167809 6.379692 5.659491 6.581692 6.84957 7.296003 4.844488 4.985153 2.284862 2.019023 1.603366 1.838615 2.380306 1.930212 1.679446 0.4344094 0.08340747 0.1045369 0.07620403 0.04749768 0.03732842 0.02341071 0.05703761 0.1219235 0.04766645 0.05851286
0.7025987 0.22884 0.3625297 0.8571275 1.116826 0.8510708 0.8141149 1.094937 1.367091 1.644581 1.692429 1.851123 1.374779 1.552631 1.833871 1.337277 1.62596 2.354444 1.669916 2.11177 2.074378 1.850109 1.515796 1.791703 2.112097 2.331066 4.466294 4.263242 3.29282 3.81308 5.248196 1.715881 0.6519964 7.249845 5.194806 6.225096 7.257432 6.317112 6.264781 6.251954 6.543583 9.31227 5.483355 4.134408 1.661013 1.944075 2.415757 2.226653 1.346136 0.892826 0.28416 0.09839719 0.0859072 0.07234515 0.05662318 0.05544458 0.04674321 0.02681403 0.07540063 0.1158658 0.09852238 0.05803001
0.4881478 0.4155397 0.517053 0.6899543 1.056696 0.5397243 0.903769 0.9042385 1.308189 1.364432 1.760113 1.978762 1.477329 1.485228 1.833632 1.649652 2.119535 2.40998 2.224533 2.527857 1.710461 1.382738 1.31389 1.06617 3.275583 5.417903 5.241436 3.817628 3.276878 6.087605 4.57026 0.08760404 1.164109 6.131771 7.228144 4.962988 4.506165 3.963122 7.418707 7.213221 6.607626 8.520825 5.505364 3.157435 3.85229 3.395678 1.312381 0.9572593 0.6374815 0.7613872 0.1424098 0.09493034 0.07963485 0.05660619 0.07630642 0.07310769 0.06167071 0.06747203 0.1833733 0.03626064 0.07316527 0.06460047
0.2056139 0.1548703 0.4490883 0.6601001 0.383976 0.6137012 0.3617431 0.2339074 0.7229137 1.258672 1.509685 2.004949 1.558887 1.42446 1.419966 1.605981 2.107491 2.028662 2.354715 2.814596 2.139809 1.787697 1.513969 1.618666 6.086977 5.891027 5.435122 3.002687 4.738461 7.14511 2.758648 0 2.384122 4.979862 2.106074 3.228235 2.808512 5.059224 8.035137 6.522196 6.222119 6.145037 6.942798 4.716377 2.419399 1.229895 0.7490158 1.068632 0.9765332 0.3078972 0.08120413 0.07224923 0.09282147 0.132259 0.1209814 0.07960191 0.1078549 0.3158786 0.1266235 0.1063129 0.0956739 0.09937993
0.09439361 0.04113624 0.2439757 0.2070709 0.4154775 0.8182566 0.4040181 0.2668009 0.4663638 0.8296853 1.316944 2.024364 2.105618 1.337983 1.633674 1.827972 1.925841 1.779156 2.568401 2.533921 2.06361 1.869297 1.432775 3.506926 7.581547 6.10827 3.800906 3.33868 5.393424 6.454044 3.090603 0 0.8898816 2.08211 0.4024706 0.8403711 4.75134 7.013179 7.736825 6.960465 6.699477 5.019946 5.19677 5.570559 3.288844 0.8322917 0.5414566 0.3173822 0.7418936 0.562086 0.315026 0.4014636 0.320365 0.203531 0.170899 0.236921 0.3737004 0.2513127 0.2053251 0.1192959 0.07224732 0.1625569
0.1493451 0.05593593 0.02783287 0.07998762 0.1472113 0.3228161 0.1920656 0.328182 0.3926277 0.693527 1.244412 1.719874 2.241861 1.676877 1.229603 1.51558 1.999425 1.967747 2.401163 2.707431 2.677714 2.659172 3.624048 5.517877 7.154397 4.77833 3.084217 4.259476 4.490189 5.982254 2.457343 0.1753504 0.03377637 0.3124579 0.02867673 2.724904 7.028133 6.871742 6.80818 6.794596 5.660847 6.676692 6.26079 3.906687 0.6558964 0.6640339 0.3117385 0.1905439 0.1571307 0.4272371 0.5073323 0.2534708 0.1727533 0.1992476 0.2368537 0.2358462 0.1572928 0.06899521 0.1195825 0.2023996 0.08498585 0.09307759
0.2646858 0.1154543 0.07807758 0.0798997 0.07553123 0.06082771 0.2986277 0.3599175 0.488095 0.7580929 0.9419841 1.426068 2.215463 1.777947 1.285776 1.562411 1.896614 1.906981 2.641365 3.468916 3.657035 4.579553 4.519605 4.745255 4.486482 2.898168 3.160426 5.029554 5.930161 4.296177 1.570148 0.1876909 0 0 0.8735443 6.872069 7.598753 6.512382 5.345922 7.214795 5.278299 4.503325 2.883742 1.29332 0.6897125 0.9559813 0.585869 0.2642366 0.1109156 0.09276432 0.1007411 0.2398768 0.281554 0.2969846 0.3258403 0.0881317 0.06307206 0.04112205 0.1669497 0.09845559 0.0687947 0.09129208
0.5674593 0.2446277 0.1503302 0.1535873 0.1961236 0.2303164 0.1493103 0.6817801 0.4250039 1.073561 1.134403 1.185291 1.841352 1.871332 2.071303 2.115635 2.076325 1.820852 2.149039 3.544734 4.1049 4.837676 3.747386 3.467214 4.035902 2.967934 2.423729 3.732851 4.828805 3.476023 2.607104 0.09268042 0 0.02482205 6.60604 7.345942 6.36483 5.573689 4.081936 6.748755 5.544116 4.556041 2.415306 1.53343 1.233806 1.097474 0.8905659 0.7282012 0.1488504 0.1498217 0.1473593 0.1605411 0.3673395 0.2438808 0.1331305 0.06738678 0.07945436 0.07480198 0.075747 0.07088001 0.0555087 0.1369878
0.9083371 0.4551054 0.2306024 0.1897555 0.2094964 0.3237039 0.3510825 0.7938422 0.7665502 0.8542701 1.685328 1.546844 1.471643 1.25375 2.229923 1.889254 2.108132 1.666927 2.204792 3.251172 4.117892 5.014189 5.028738 2.783149 1.639623 2.176498 2.939324 4.199599 3.889138 3.743325 2.081981 1.202027 0.2540055 5.434878 4.71245 5.285425 4.936189 5.327376 5.010661 5.316956 5.449707 5.779004 4.647992 3.840467 3.302611 2.918402 1.430007 0.2659702 0.534748 0.4582475 0.501534 0.3617216 0.1108617 0.1194778 0.1373265 0.09289615 0.08422035 0.07920902 0.05161981 0.04466444 0.04684966 0.1137783
0.3533154 0.3373221 0.3867607 0.1923634 0.285857 0.4454284 0.3719654 0.4675773 0.9985883 1.20818 1.738301 1.804112 1.52731 1.209127 1.780303 2.129584 2.01419 1.631156 1.46337 2.976152 4.002907 4.557078 2.960642 1.662801 1.509889 2.407374 3.359515 4.533295 3.376353 3.657535 3.47035 2.266413 3.567514 4.350967 2.725238 2.662984 3.159813 4.746194 2.988573 2.375201 2.111912 3.921758 4.166628 4.313898 1.940877 1.970714 2.2048 0.2251191 0.1009102 0.06409582 0.08772238 0.08686584 0.08507673 0.08380283 0.03916104 0.04281906 0.05361443 0.05318235 0.03880973 0.01313901 0.004987241 0.1424776
0.2579626 0.2443162 0.3352229 0.338153 0.3537762 0.5031961 0.6777276 0.9130204 0.9728321 1.506917 1.601844 1.846072 1.593163 1.190685 1.682567 2.149514 1.386534 1.318083 1.544973 2.345447 4.332277 5.740786 1.374847 0.7891859 1.53719 1.749084 3.255704 3.49521 3.481927 3.983382 4.148261 3.274367 1.377594 4.048137 2.409196 2.592897 3.224978 3.174326 1.462781 1.448653 2.18994 2.98681 4.262046 3.524792 1.557413 2.864332 3.573234 1.062463 0.0955449 0.05046104 0.06918553 0.05747272 0.04663255 0.06637017 0.0740414 0.08537735 0.06506583 0.03905872 0.07417943 0.07788425 0.07928544 0.2130099
0.2400914 0.3219874 0.2309587 0.1909661 0.2773984 0.4273778 0.6231335 0.837568 0.8973167 0.9623652 1.207296 1.570652 2.062705 2.086826 2.463345 1.735775 1.473756 1.158166 1.193131 3.482838 4.753497 3.517608 3.731459 2.384223 1.531596 2.607944 3.995221 3.298075 3.560555 3.15818 4.529037 3.024259 1.055313 3.207152 2.082868 3.285689 2.186437 2.47065 2.519411 3.117696 1.897483 2.596061 4.402931 3.831156 3.96433 4.669142 4.476346 1.796147 0.2419448 0.1371927 0.0704693 0.05398943 0.05534169 0.06914441 0.09327222 0.03526937 0.04357249 0.0332359 0.1561548 0.1575192 0.1632343 0.2830753
0.3321279 0.380123 0.2307642 0.1815271 0.2105291 0.4267833 0.9492973 1.275978 0.9101172 1.072095 1.214157 1.312507 1.647553 2.530436 1.621241 1.279373 2.699763 1.421898 1.582246 2.996249 3.769437 3.386282 4.749387 3.889899 3.65 2.21398 4.038936 2.80884 2.863704 5.748787 8.285354 1.178402 2.673991 4.485707 1.862991 1.424438 0.9955227 1.415495 2.6961 3.230727 2.430262 2.225046 3.258278 3.18947 4.429352 5.056355 4.19282 1.07127 0.5749029 0.1177427 0.1225144 0.0954424 0.1158386 0.1069648 0.09404304 0.02322348 0.02517927 0.008830784 0.06138904 0.06916565 0.1435868 0.1348617
0.3885455 0.5116258 0.5606607 0.3032016 0.3686234 0.4432088 1.010657 1.440754 1.18044 1.146552 1.289731 1.235327 1.319145 2.459452 1.432563 1.278895 3.079002 1.740811 1.54216 2.824348 3.534674 3.567136 4.968916 3.903014 3.395911 3.044306 3.8362 1.924544 1.940441 3.288793 5.744712 5.226996 2.817672 3.087784 1.707164 1.475287 1.142664 1.366339 2.273227 3.433434 2.789593 1.80076 2.684255 2.983287 4.490821 6.278854 2.691873 0.9183335 0.8455267 0.1717182 0.1351757 0.08707236 0.1028876 0.1197413 0.08505606 0.06099185 0.0600617 0.05717807 0.09575353 0.2385175 0.07755058 0.14793
0.3522534 0.4618907 0.9858305 0.9420968 0.8031561 0.593493 1.080132 1.953478 1.330241 1.108533 1.087922 1.165458 1.279506 2.200181 1.412215 1.385664 1.251315 1.378552 1.44371 2.714405 3.865286 4.800509 6.534205 4.7994 4.777111 3.619851 3.460805 2.493733 2.701208 3.36008 3.639466 4.854998 1.755008 1.90782 1.797061 4.67294 3.66152 1.809512 1.789176 2.82244 3.144328 1.830533 2.550634 3.426474 3.987892 6.058963 2.710818 1.929997 1.691677 0.4035337 0.09717009 0.05238992 0.03268517 0.03579025 0.08015298 0.05343883 0.04387287 0.04353069 0.1207883 0.2161936 0.1573932 0.1197312
0.3411571 0.5048025 1.004124 1.171322 1.300364 1.40308 1.776017 1.95045 1.700823 1.33158 1.020786 1.145899 0.9995879 1.856023 1.928086 1.500128 1.732874 1.351876 1.367418 3.00094 3.327871 6.534136 6.536926 6.407706 4.527729 4.908948 5.02717 2.920651 3.233118 4.364893 4.694786 4.865849 0.1218096 2.386998 7.012687 4.523528 1.938266 1.999194 2.413191 2.497145 3.613426 1.660204 3.090503 3.032444 4.53677 6.868102 5.850188 1.346174 1.626085 0.6578078 0.1738575 0.1338669 0.1090274 0.09229953 0.05197256 0.04368713 0.03789907 0.03559715 0.20211 0.1499756 0.2671218 0.06560995
0.7525604 1.158077 1.388724 1.198272 1.247046 1.208991 1.187301 1.341415 1.592622 2.055341 1.290113 1.134715 1.102649 1.17377 1.681068 1.768072 1.774952 1.38127 1.454706 2.556416 3.386894 5.204621 5.681965 5.693477 4.296445 4.443553 5.333948 3.782087 3.831526 3.985994 6.53081 6.86753 4.698527 5.392441 1.509083 2.642824 2.393602 2.016236 2.124948 2.367929 2.954668 3.313764 2.694316 2.63101 4.10525 6.846766 5.434404 2.194311 0.7151644 0.7294193 0.1635311 0.1221363 0.0613708 0.1088204 0.04654665 0.0340737 0.04508416 0.05075692 0.393562 0.1044388 0.3831559 0.2358414
1.088779 1.07369 1.527382 1.243286 1.35346 1.151725 1.136501 0.9808493 1.159489 1.162296 1.617895 1.200283 1.121779 1.1004 1.247712 1.782645 1.805325 2.320987 2.132294 2.257353 3.608856 4.381312 6.272279 5.407021 4.498306 6.411978 5.655402 3.534061 3.954075 0.8548813 4.727516 0.07720835 0.1643526 0.363548 1.60101 2.914363 2.885097 2.272439 2.69382 2.567497 2.438472 2.031776 2.355776 4.271685 6.63083 5.529568 5.039548 4.006238 0.7943888 0.421773 0.2036223 0.1363557 0.09095187 0.04286837 0.008416465 0.002684131 0.0009781001 0.01783197 0.4057917 0.07234576 0.1701068 0.2564661
1.604799 1.270655 1.52582 1.486718 1.185129 1.048717 1.169892 1.105487 1.136669 0.9454243 0.9796894 1.580657 1.201371 1.279322 1.743997 1.831821 2.098214 1.760895 3.322449 3.074218 3.002724 3.396669 4.359484 4.181556 5.313502 6.333897 10.73746 9.609572 3.018485 4.838734 2.167527 0.1470141 0.280841 1.388601 3.067129 3.506821 3.187339 2.091137 2.380386 2.166128 2.672116 2.770616 2.723265 3.394169 5.75315 2.539887 3.577507 2.290972 0.8261244 0.283641 0.2316889 0.1187882 0.07975098 0.06227078 0.008582002 0.001061342 0.03177511 0.0819778 0.4280183 0.03404605 0.0349292 0.2473177
1.12777 1.537453 1.534771 1.490793 1.456292 1.217075 1.087142 1.019926 1.336678 1.410972 0.9363032 1.555874 1.204154 1.298789 1.513738 1.944169 2.107273 1.99705 3.356111 2.322813 2.433511 4.051157 3.583377 4.520666 3.318704 3.49793 5.934817 5.739632 6.526371 0.1047987 0.13955 0.3737215 2.861081 4.367649 3.700627 2.508603 2.799505 2.753456 2.079439 2.234556 2.572784 4.116859 6.503363 3.965306 6.274198 2.875346 2.394979 2.163552 1.674517 0.272156 0.1152012 0.08650593 0.05407421 0.05694328 0.02539659 0.002153867 0.04988408 0.2756724 0.3791269 0.005192159 0.007664805 0.06541292
0.67813 1.46026 2.297446 1.249033 1.403244 1.54084 1.895371 1.932731 1.663749 1.734195 1.136484 1.732816 1.635742 1.443431 1.813349 2.36089 2.403208 1.726846 2.5791 2.312043 2.447862 4.096446 3.892517 2.900394 4.377914 3.59382 4.65732 8.533543 1.850427 4.299505 0.9577085 2.150464 4.612355 4.529524 3.236248 2.483051 2.24587 2.294833 2.217579 2.37642 3.95349 5.798842 6.347436 6.161015 4.322929 3.002418 1.701952 3.615269 0.8887122 0.2725297 0.1263265 0.08325318 0.03955431 0.04793566 0.05827416 0.05605106 0.2035646 0.325573 0.1173444 0.007964613 0.003950889 0.05318189
2.219292 1.399423 2.089382 1.685039 2.023424 1.610629 1.527511 1.531925 1.185717 1.50947 1.644735 1.400886 1.797953 1.729824 2.229914 2.625437 2.262028 1.498283 1.477112 2.036555 4.046567 3.28639 2.725482 2.775386 2.29414 1.601436 5.269328 5.739844 3.819656 2.047498 1.713145 3.298528 4.329696 4.932398 3.331704 2.294496 1.610875 2.163106 2.288266 2.552563 4.693321 7.608503 5.912222 5.089298 5.324957 3.741634 4.882518 3.122555 1.084116 0.4333983 0.1746973 0.1297074 0.08600687 0.06524174 0.05063834 0.2307574 0.5352288 0.1128419 0.1061072 0.02263883 0.004255667 0.006012062
2.330791 2.528986 2.379749 1.716108 2.177258 1.244887 0.9741974 1.240257 1.347206 1.644071 1.670071 1.6383 1.594824 2.074637 2.473026 2.521727 1.536627 1.786707 1.531547 2.099606 4.365842 4.065953 2.446346 1.865548 1.582368 0.6978645 4.60493 7.663059 3.857727 1.096564 2.946488 4.44691 3.627348 3.831152 1.682965 1.390598 1.727841 1.708576 2.032681 2.675772 5.14239 6.007728 5.875258 4.588596 6.543716 5.668394 4.009336 1.281743 1.049816 0.5799869 0.1042699 0.06836183 0.004570661 0.1379909 0.3870996 0.1940054 0.2928247 0.05850106 0.1127588 0.06474403 0.04711034 0.006772997
