SiB2_DBHM_derive_trans/DBHModel/MODEL/GEO_INPUT_DATA/slpsib.asc
ncols         221
nrows         126
xllcorner     -457500 
yllcorner     -1500500
cellsize      10000
NODATA_value  -9999
[rows 84 to 111 of 126, columns 0 to 61 of 221]
2.238774 1.512054 1.170452 0.9721007 2.48493 2.951546 3.191199 1.905163 3.489316 5.867509 7.748592 2.475973 1.068883 1.172377 2.330304 2.114842 2.506816 2.94574 2.078832 2.295746 1.372853 1.798427 1.59331 1.165755 1.369231 1.692551 1.383566 1.488887 3.026685 4.494854 5.192563 2.596141 2.758242 1.185653 1.128697 0.9939281 1.983155 2.696602 4.021915 6.89576 6.971137 7.055331 7.350183 6.368199 4.749568 5.023956 4.990163 5.161583 3.504144 3.518214 2.659894 2.049627 0.5032293 1.193282 2.24701 2.297252 2.636213 3.031572 1.761672 3.520251 4.370275 2.374687
2.987115 2.824773 2.04907 2.113587 1.771964 3.473359 2.386602 2.582008 1.528374 3.276297 2.101052 7.12527 6.737361 5.564813 6.713098 5.548106 5.171358 1.904278 2.227405 2.176062 2.233328 2.617903 1.474873 1.91982 1.948236 6.172876 6.053032 3.759673 1.132774 2.235142 3.285609 3.148414 3.239691 3.400465 3.416578 2.602943 2.34449 3.566802 4.510551 6.623693 6.335755 5.59831 5.934397 5.339897 5.234046 4.296121 4.309509 5.610314 5.676661 5.025735 4.092096 4.176484 2.77741 2.932461 2.565041 3.125117 2.359564 2.070052 1.707566 2.454764 2.776528 2.394386
2.685735 4.997941 3.616335 3.006708 3.15654 2.332594 3.075143 1.834241 1.382109 1.471206 1.915395 2.156528 2.276083 2.101443 1.829951 1.129608 3.395346 7.10328 3.488446 0.6277331 1.408286 1.088529 0.8777347 2.032616 7.123364 2.917159 1.641205 6.439236 2.305639 2.288333 2.120717 1.576349 1.510052 2.277097 3.592462 3.711745 5.186047 5.16854 4.949235 7.211515 7.635214 6.460027 5.856431 4.893542 5.36572 4.470852 5.71275 5.219245 5.401689 4.891538 3.338811 3.288638 3.725049 3.402327 2.842019 2.121001 2.088315 1.509019 1.070412 1.158551 0.871733 1.724902
3.063554 3.259733 4.57303 3.985004 3.923584 2.958467 3.299378 2.494638 2.495142 1.268617 1.132042 1.15881 1.416269 2.752204 2.46339 0.678679 0.4490198 2.64034 6.902946 5.610252 0.09247265 0.2283777 1.258736 7.965882 1.876637 0.9608594 2.106931 2.15338 8.435681 2.299545 2.051036 1.614622 0.5530236 1.193256 2.363402 4.539586 5.033486 6.569301 6.90859 6.374081 6.376774 5.718817 5.590815 7.065515 6.371519 5.627834 6.85377 6.546646 7.694201 5.645139 6.813817 5.014066 4.521114 3.467509 3.417562 2.418747 1.54118 1.01168 0.599836 1.367028 1.168716 1.236335
4.012818 3.457692 6.389986 5.538587 4.116179 2.828817 3.356415 2.061759 1.253629 1.154131 0.9863297 2.040463 1.622043 1.673773 1.474696 1.677784 2.366324 2.107296 1.019889 2.002219 6.93977 7.072576 8.101933 1.83494 0.07040683 0.3177273 1.506666 1.765487 2.737886 6.668789 6.516641 1.488231 0.9068184 0.8969501 1.231791 3.527909 3.223821 5.260588 7.505508 7.056372 10.65252 7.376704 8.076354 7.285561 6.975639 7.734625 8.511021 6.530476 9.029086 6.210994 6.614397 6.936648 6.736933 5.31639 4.488642 2.930723 2.096726 2.586376 2.133943 0.8669474 0.6412119 0.9092935
3.798244 4.266464 4.689986 6.100196 5.637969 3.558265 4.288314 1.630051 2.376812 1.960238 0.9048142 1.380143 1.969899 1.799744 1.416796 1.357918 1.17113 2.146014 1.611408 1.528395 1.342533 0.5084503 0.1670404 0.967517 1.066357 1.58992 2.372476 2.003879 1.340118 1.481497 4.83058 3.485105 1.650042 1.396283 2.175255 2.916355 2.887149 3.731849 6.476152 5.934423 10.0069 9.889027 8.644491 9.290502 8.137907 7.59345 6.638584 8.413647 8.484863 8.782002 7.845339 7.326997 7.258387 4.539953 4.850103 4.157724 4.067783 2.459094 1.328104 0.8347006 1.93809 1.790443
4.294355 4.333768 3.91332 4.876456 5.113543 4.529283 3.123773 2.49921 2.026642 2.992248 1.660239 1.754255 1.516999 1.780062 1.870199 1.156228 0.9682337 1.591284 1.841714 2.626606 2.096442 2.664669 2.565065 2.080817 2.536927 1.68714 0.5828635 0.7726695 1.123868 1.950171 4.449286 4.686343 1.971118 1.131004 2.437708 2.231136 2.973279 2.05772 2.460191 3.249532 3.610504 7.865472 9.156911 7.454373 8.13232 6.747451 7.108648 7.199433 8.38764 6.161312 7.858904 4.560788 4.464186 5.340094 6.316242 5.675973 4.707192 3.765583 2.366397 0.8839871 1.258851 1.716395
4.416255 3.89669 4.509932 6.274302 5.477601 3.60107 2.503072 3.115121 3.028284 2.402155 2.282374 2.249862 2.247293 1.419088 2.069618 2.185003 2.041893 1.704102 1.834209 1.404636 1.100579 1.366531 1.485446 1.414889 1.689276 1.715054 1.123924 1.259191 0.5777989 0.3659081 8.759627 3.022737 2.623304 2.034702 1.208016 2.681111 2.850063 2.728858 4.242144 4.514215 4.522349 6.623327 6.806038 8.378128 6.632259 4.495937 4.953849 5.6738 7.444025 6.527204 4.905711 6.445599 6.182508 6.465177 6.977464 5.20278 6.046104 4.721351 3.482594 2.465084 1.721308 1.773556
3.906326 5.359678 5.790526 4.513777 5.416089 3.85767 3.360162 2.88319 4.720639 3.179788 2.432126 2.014458 3.763062 2.566216 1.593861 1.298929 1.83921 2.204741 1.795026 1.662327 2.208102 1.884569 1.020833 0.9712962 0.9519741 1.785968 2.697315 2.041731 2.930028 2.436592 3.277189 8.201093 3.089014 2.911081 4.817567 5.310667 2.744364 3.153514 3.342846 4.420193 5.650561 5.903934 6.718217 7.674957 6.174455 4.423961 5.045596 4.318735 4.702634 6.063205 6.351709 7.076309 5.436761 5.252831 4.916542 5.516136 5.538861 5.429969 3.014353 3.2498 3.316965 2.869941
3.685854 4.506112 4.983363 4.810558 3.702477 4.389187 4.910609 3.326564 3.660624 3.673421 1.994413 2.042076 2.649412 3.497816 2.515624 1.710879 1.949587 2.352333 2.860284 3.056222 2.488153 2.198793 1.462459 1.771802 2.013745 2.07098 3.001932 3.001511 2.885788 2.772176 2.223005 5.234511 6.270793 4.765596 3.871484 3.482581 7.577248 4.611684 2.880789 4.166856 5.073571 5.050428 5.932407 5.392439 5.381892 6.531103 5.743791 5.215004 1.762608 4.925674 6.213522 6.174348 6.044829 4.429735 5.038375 5.749964 5.080068 5.248687 4.285092 4.570619 3.259139 2.442322
2.795389 4.074996 5.679677 4.117405 4.298759 2.80326 5.11477 4.919242 4.148452 3.114847 1.714597 1.852114 3.63355 3.404322 3.278514 1.973898 1.877135 1.489664 1.873396 0.8956714 1.424341 1.612532 3.372106 5.755123 4.017828 1.751616 2.06214 3.546033 1.700484 1.849409 1.272533 1.780232 2.60227 4.957243 1.473492 2.232247 4.511085 4.128017 2.909388 2.806714 3.110772 5.130722 5.0805 4.864597 5.015071 3.851275 4.962677 5.296728 5.550672 4.630408 3.730021 5.294084 5.487535 5.298804 4.891962 5.603375 4.894434 4.585967 3.614971 3.904931 5.213268 2.378011
1.413485 2.324114 3.974475 5.0609 4.72292 2.120651 3.032686 3.770195 4.163709 3.904407 3.784261 4.692845 3.812991 2.827247 4.780048 2.878263 2.526564 1.544976 1.628372 1.415635 1.30731 2.032876 3.133223 4.894224 3.852836 2.214288 1.880985 2.254334 1.849812 2.319318 1.530324 1.33896 1.456781 2.047702 1.373009 1.047218 5.806153 4.228775 1.93512 2.192688 1.992937 3.496717 4.993254 5.350086 5.22934 4.465333 4.396594 3.920237 3.111067 3.041866 2.646602 3.699524 4.342675 5.815268 5.833811 5.986681 4.762448 3.457508 3.54064 3.173414 4.22714 3.415769
2.737842 1.373348 3.443798 4.575502 4.575243 6.275862 5.192326 4.690162 4.114895 4.615933 4.646418 4.130243 5.623116 5.222034 5.605107 3.495533 1.44117 2.779703 2.293834 1.408817 1.04431 1.676245 2.961924 3.699679 3.337174 3.530581 2.086552 1.311284 1.454048 2.167913 0.6918045 1.312063 1.242784 1.704446 2.105299 2.971819 3.787359 5.234313 2.887138 2.923149 3.680615 2.179594 3.094799 4.303096 3.578165 4.038282 4.811365 5.262421 4.963873 4.227438 4.492622 5.561843 5.429865 5.747489 6.56037 4.580861 4.635598 7.28793 5.814592 6.077455 2.787662 2.92365
4.358307 4.317162 5.407904 5.109503 5.940817 7.761761 6.136252 5.068851 7.109322 5.638293 5.304607 4.960383 5.822605 6.901578 5.313896 4.395496 1.672243 2.160458 2.28965 1.360669 1.230681 2.899059 1.747239 2.460927 3.869949 2.409763 1.11359 1.384084 1.826796 1.505518 0.7467703 0.9149788 2.165167 2.486324 1.582317 2.125651 5.440975 4.695804 2.647888 3.066437 2.39141 2.608011 2.221872 2.793997 3.161921 3.496692 3.920088 3.943224 4.28798 5.427003 6.42551 5.823235 5.465548 4.614179 4.290493 4.808046 3.89155 3.947368 5.113413 5.802947 5.449953 3.91363
5.16863 6.462039 6.823551 6.579254 4.893963 3.968332 6.051147 6.63473 6.019069 8.941419 5.249266 5.963343 6.97599 6.801706 4.651943 5.451579 3.424396 1.871238 1.406655 1.680619 1.870159 1.462558 1.118598 1.421139 1.466906 0.7571206 1.320616 2.794913 2.418278 1.780369 0.1971738 0.2588622 1.130499 1.951317 1.439646 1.022904 3.918456 8.305634 4.351477 3.789032 3.40182 2.635959 3.420215 3.223465 2.996697 2.904015 3.896056 4.459528 4.033323 5.657697 4.943721 6.342299 7.844543 7.03077 5.870798 6.584213 6.840839 5.442206 4.758626 3.645658 4.784672 4.091617
4.919857 6.214938 7.2577 6.381278 7.103255 3.974217 3.299239 6.089195 8.042815 5.715106 7.207983 7.477688 8.962415 8.690637 6.501289 5.178807 5.026074 2.355145 1.796494 0.6797625 1.691692 0.7245876 2.51536 1.852337 1.3737 0.8680094 1.727191 1.304383 0.2604674 1.304538 0.9120288 0.5289609 0.5296641 0.7577619 1.189 0.37937 4.234236 7.267919 7.57183 4.423495 5.224885 3.178392 3.457862 3.333189 3.922096 4.53246 4.409658 4.194966 5.380536 6.815751 10.74771 10.14118 5.878568 10.18947 6.087476 9.999823 9.472064 6.356109 5.348047 4.967466 2.679854 4.076444
5.955187 5.623544 5.171645 5.955697 4.255415 4.442618 5.474189 6.763469 7.410174 8.155912 7.135858 7.346354 8.123366 8.238184 8.889376 6.467685 6.534435 4.432629 1.762646 1.278973 2.148767 1.413198 1.857513 2.463735 1.539928 1.504285 1.841891 3.274758 1.04625 0.3111459 0.6799411 1.171334 0.2343626 0.8335253 1.642301 1.085132 2.482708 3.842923 8.408027 9.865377 7.146976 7.865681 8.298984 8.440619 6.058923 4.664466 5.475672 6.340553 8.491112 12.11705 6.655862 6.959139 5.31974 6.913394 8.616035 7.929409 8.564452 7.581598 6.341726 4.81337 3.124617 0.7725334
6.436979 5.284866 6.991051 7.700275 5.998965 4.953814 5.014284 6.709374 6.335759 6.082303 6.172086 7.083612 8.389987 9.21453 8.562469 9.29162 6.442817 4.771222 2.058169 1.638341 1.964814 3.455432 5.573076 2.287443 2.951478 2.413832 1.830946 1.217588 2.064518 0.8640616 0.4806721 1.511886 1.582695 1.143082 2.643885 1.115866 1.301233 2.397008 4.068558 4.011843 3.553726 3.826137 4.817156 4.642431 6.943431 8.126765 4.309508 5.821511 9.031979 5.319514 4.509619 4.429311 5.03326 5.932687 6.893606 6.505229 4.164712 6.832861 8.538782 7.462322 5.755946 2.773004
6.087096 5.272825 5.43234 6.632748 5.910013 5.575678 5.624934 3.073686 6.219007 5.301093 4.46866 6.656039 8.410705 8.881483 8.928679 9.433274 6.115592 5.189565 3.598527 3.505321 4.031888 3.248989 3.013291 2.826751 4.048979 4.538244 2.848859 1.854273 3.326487 0.7113377 0.5157737 1.914526 1.556887 0.4636417 1.627163 1.72479 4.112421 5.00405 4.580832 3.468029 3.819902 3.408598 3.321447 3.766848 3.839192 4.832491 9.659443 7.004346 4.332197 3.795181 3.660826 3.839536 4.295952 6.196228 5.699915 6.264767 5.105728 4.897142 4.629771 5.763606 5.487752 4.406436
6.394795 7.627748 4.683416 6.167598 6.366646 4.304517 5.626915 4.384026 4.637466 3.413989 4.328319 4.596856 6.684904 7.49192 8.218681 10.68948 8.005072 10.01839 6.796452 4.10072 4.108513 2.53193 2.849676 6.330381 3.341883 4.293057 2.984244 1.923466 2.973389 2.595134 1.804749 1.326739 2.459915 4.212277 1.874118 1.381153 4.855013 4.849216 6.14498 4.025847 4.565329 3.937874 2.92453 3.54443 3.571195 3.211522 4.477868 5.766611 4.734426 4.306326 3.735092 3.430974 5.034329 4.663776 4.679713 4.847779 4.019895 3.345377 3.935911 5.010886 4.894223 4.58636
6.690826 5.896918 5.836935 4.379006 6.04492 5.017663 4.520124 2.938185 2.400392 2.365199 3.429076 5.709437 6.600266 6.387589 7.587616 7.615068 8.048441 6.454387 5.992558 5.585386 3.220613 1.038469 1.386311 1.84677 2.013216 3.545537 2.943093 1.751277 0.8438708 2.057744 1.419028 1.895863 2.037193 1.88902 3.983272 0.8913503 5.227894 4.410566 4.701597 4.815646 3.925893 3.968441 2.240223 2.334723 2.756427 2.191252 2.694908 3.463383 4.934206 4.737088 3.897084 5.465138 5.566523 4.592013 4.293067 3.4756 4.338761 4.664067 4.917672 3.342143 4.177501 3.426925
5.951411 5.792401 6.898312 5.794724 4.779593 5.348023 4.76139 4.089185 2.244323 3.342082 4.617216 5.609881 4.09805 4.887643 7.264512 8.58039 8.635983 6.939151 7.167933 5.905591 3.015453 2.439547 0.7097428 0.5471869 0.7228323 1.379608 2.462497 2.257242 1.242988 1.058445 2.298052 2.336033 3.991007 4.660211 3.915797 0.892628 4.578903 5.047565 4.629037 4.333028 4.880924 3.223767 2.62417 2.174191 2.356986 2.071033 1.800364 2.118058 2.78087 4.131936 5.04104 4.637891 5.424089 4.359513 3.797347 5.475334 10.0496 5.64866 4.934004 3.314065 4.329324 3.589546
4.520055 7.217947 6.877881 7.097588 5.434753 5.450946 6.482594 5.655878 4.209745 4.673 4.235595 4.811817 3.900836 3.775603 4.597582 5.040798 5.955775 8.085313 9.184406 7.038901 6.523603 3.805045 2.034695 0.5718187 0.3394006 0.5801742 0.6990058 2.019661 4.663948 3.50628 1.388499 1.694679 3.62273 6.648942 6.560048 1.958626 3.893745 3.300608 3.737629 3.278305 3.608026 2.870797 3.321882 2.500153 2.021675 1.954188 2.193364 2.813723 3.454153 3.763267 4.930655 4.787411 4.294706 2.646865 4.097468 9.279859 8.544401 8.077421 4.590937 5.077207 3.840394 3.199756
6.617577 5.414819 5.932064 6.15128 7.379536 5.14333 6.99278 5.248051 4.79993 3.975772 3.424028 2.722039 2.901106 3.701403 3.258012 7.95291 8.700652 7.66213 8.798505 7.315083 8.077646 7.030865 2.307824 1.67303 1.170228 0.578187 0.6579062 2.561898 1.515579 5.547489 4.020596 2.746089 3.482626 5.485372 4.977402 2.893596 2.899187 2.320458 2.376791 2.32582 2.146825 2.505216 3.01316 2.034107 3.285794 3.164518 2.37089 2.300226 3.808547 3.449973 5.687411 6.575051 5.743659 4.194151 1.94385 6.559296 6.151254 7.832129 4.725936 6.030461 3.985993 3.540313
5.224274 6.077142 5.33277 6.166149 7.171205 4.130699 3.77054 6.526777 6.027921 4.360259 1.406565 3.527817 4.142831 2.734514 3.542217 5.341098 7.411059 7.558716 9.157357 7.24903 9.061118 6.051311 3.755605 3.855566 4.476899 2.069154 1.530468 0.5254356 0.4102918 1.713408 4.184249 3.949786 5.550689 3.663011 3.695615 6.146951 4.394104 4.069279 3.540524 3.043156 2.44788 2.672056 2.637918 2.217963 3.407045 3.447239 3.660324 2.232123 2.173261 4.005829 6.418859 6.674749 6.811344 5.492625 2.165519 4.994445 5.75131 7.391407 5.806425 5.465262 4.663763 5.580403
6.051378 6.051992 5.029634 6.351477 6.379629 6.651845 5.243485 5.897747 5.881902 5.102692 6.690338 5.465508 5.742899 2.807807 3.970575 4.377832 4.427034 6.603929 7.040077 8.911028 9.390709 9.65025 9.143781 3.219095 4.078499 4.830001 1.359142 0.79492 0.9214169 1.434411 2.577591 5.841609 6.597596 5.585736 3.919935 5.867897 5.785686 5.754208 4.638825 4.858451 3.288533 4.014513 3.55542 2.561025 2.817947 4.422989 4.001007 5.02258 3.185776 3.963465 4.815341 6.138642 6.003492 5.642533 4.238469 5.301404 4.062204 3.389096 5.389856 5.857948 3.606238 2.230858
4.967165 6.042291 6.060246 7.134333 8.368683 6.253183 6.754753 6.869916 6.962202 5.404253 4.625738 7.858864 6.409553 5.986405 7.437802 5.561038 5.926111 5.372334 4.473797 6.864773 7.408884 7.395037 7.863093 7.844583 5.494058 2.93689 2.140995 1.699168 1.592834 6.537513 1.487605 2.671534 4.832632 6.239557 3.512719 5.763629 5.667998 5.907587 3.760875 3.743096 2.075849 3.221548 4.0815 4.038339 2.844596 4.279308 4.656662 4.504565 4.959926 4.331775 3.974957 6.214202 7.363359 6.732476 6.358219 4.306743 4.882216 4.421252 6.247053 5.652452 4.91912 4.276385
3.980578 4.454239 5.377762 5.699296 6.7758 7.613683 6.758936 5.998485 8.001869 5.968801 4.489736 3.800547 6.372019 5.946461 7.144459 7.417498 7.594511 8.259934 7.083011 8.105038 6.28029 7.62917 4.828449 5.835142 5.175587 4.775034 4.216005 6.766997 4.877584 3.370997 1.075474 1.654955 3.851794 6.568392 6.349156 3.588169 3.615844 4.604927 4.258615 2.993021 2.000879 1.347438 3.286848 4.28842 3.089512 2.442957 3.266639 5.098982 5.240398 6.801361 4.442785 4.951311 6.695699 7.49922 8.687812 6.641135 7.049597 6.794982 5.322805 7.268126 5.356666 4.935993
