SiB2_DBHM_derive_trans/DBHModel/MODEL/GEO_INPUT_DATA/slpsib.asc
ncols         221
nrows         126
xllcorner     -457500 
yllcorner     -1500500
cellsize      10000
NODATA_value  -9999
[rows 84 to 111 of 126, columns 62 to 123 of 221]
3.619059 6.823329 4.589343 4.051014 3.35291 5.286332 5.185871 7.22863 7.827402 7.906718 5.882582 7.043636 4.800896 5.678981 8.228623 7.465219 7.40624 3.338427 4.187925 3.714006 2.301443 1.948319 2.701838 2.853961 3.457953 2.918083 3.052083 3.74204 2.503453 3.151246 3.31896 2.992595 3.084421 2.079953 2.913341 3.955392 2.878291 3.500102 3.19004 3.0256 2.901035 4.170929 6.521931 5.416779 6.102738 4.716549 2.146199 2.565746 2.108462 1.742847 2.071345 2.389379 2.467319 2.157636 2.651116 2.229915 2.44507 2.532743 2.385363 2.5406 1.915812 1.233955
3.586531 4.240012 4.135659 3.078336 5.417647 3.963984 4.104758 5.577884 6.0734 6.280445 4.483311 3.074733 2.414267 1.440611 4.972188 7.796323 9.041036 5.661677 7.236919 4.006639 2.508927 2.517456 1.788529 2.216052 3.2009 3.766896 2.783545 3.129224 2.086099 2.949702 3.817721 3.12993 2.811938 2.856504 3.837272 4.092777 2.959922 2.819579 2.483482 2.387982 2.5611 2.897864 3.980321 6.693116 4.853576 3.128113 2.054283 2.396129 2.256947 2.135016 1.697535 2.438962 2.156271 2.109103 1.896846 1.756666 2.118947 2.159868 2.100089 2.050663 3.501456 3.960446
2.998748 2.825305 2.666435 4.337812 4.966499 2.997929 4.582691 4.744286 4.377839 4.007761 1.746158 1.969144 1.718764 0.8089668 2.034387 3.974568 5.50178 5.492993 8.861787 8.446388 7.000296 6.465384 4.083807 3.668819 2.727855 2.416861 3.239691 3.255918 2.130742 3.169513 3.743035 4.187257 3.723629 2.633587 3.688416 3.849919 3.56003 2.945169 2.73748 2.442157 2.701576 3.791067 2.40962 4.277516 5.946043 4.072086 1.792356 2.33084 1.958177 2.161861 1.861165 1.667253 1.791903 1.743782 1.924693 2.289553 1.993091 1.561673 1.635999 2.71475 2.451958 8.873426
2.060655 3.011647 2.580668 2.478525 3.558086 3.958842 5.721271 6.244212 2.645892 3.150107 2.800845 2.313435 3.063434 2.389147 5.882505 5.316567 6.30557 7.13969 7.557422 10.14876 6.979637 8.559856 6.252612 6.485243 4.623814 4.785088 6.543757 5.943372 3.711395 4.826269 4.640535 4.323512 3.408087 3.113105 2.807605 3.966298 3.917616 3.646085 3.015249 2.494964 2.36347 2.580201 2.780835 3.897196 3.540651 5.750762 3.419351 4.761465 2.083423 2.473825 3.400912 2.853528 2.845509 2.038222 2.000055 2.797264 2.125811 2.596059 1.820665 1.641219 1.883512 3.278165
2.040464 3.985355 3.062525 2.817065 3.834321 3.14534 4.046243 2.949431 3.282113 3.885879 3.480502 2.604014 3.272131 4.370918 5.868134 6.094846 6.619007 6.624397 6.392024 5.480409 5.482079 6.224043 5.706152 4.799547 4.439861 5.726578 6.02862 6.713936 6.628241 4.323323 3.588119 2.809197 1.726752 2.533881 2.653008 2.660948 3.314657 3.827774 3.707989 3.793253 4.117104 3.619986 4.121026 5.398989 3.680834 4.54316 5.027379 3.315473 3.487648 2.153828 2.351353 2.202492 2.687109 2.639952 4.221897 4.721979 3.804675 6.967655 2.250704 1.29718 0.8537943 0.4124138
3.102341 4.35878 3.334231 3.660633 3.448779 3.119929 2.793171 2.990545 4.231672 4.27574 3.58831 3.486024 3.458635 2.595547 3.030088 3.654743 3.678627 5.68308 6.318607 5.161781 5.094116 4.362485 4.157083 5.484475 4.257003 4.459751 4.973725 4.141166 4.841305 4.232612 5.030749 5.634552 4.226606 2.6848 3.350578 5.458683 3.866339 3.312335 3.850235 4.307136 4.6831 5.536007 7.500453 6.46523 4.616865 5.715462 5.569866 4.041263 2.891672 3.784356 2.261088 0.4762989 1.214173 3.786789 3.281407 1.67899 0.9450076 6.395642 3.808455 0.3616231 2.581668 2.697839
2.055707 4.47265 3.535313 3.213065 3.789723 4.19849 4.513656 3.540974 3.903657 4.208694 4.903939 4.854381 5.85756 5.20441 4.656654 3.709188 3.24088 4.335893 4.607552 4.869116 4.997459 5.981274 5.369813 5.36223 3.152223 4.366342 8.884491 6.401497 5.900526 7.008912 4.406659 3.68338 5.138545 3.351814 4.244254 4.038706 4.623524 3.419775 2.959652 3.022525 5.086832 6.561585 7.297944 6.176917 5.542767 6.020763 4.492733 3.803496 2.954151 3.456315 2.349174 1.050862 0.4396436 4.531255 6.655159 2.911421 5.120358 1.997152 1.97091 4.262902 2.728108 5.160553
1.565384 3.415365 2.188966 2.95029 3.461908 5.237886 4.271061 3.723828 4.188874 5.380133 4.351448 4.099729 5.613862 5.31245 4.872603 6.583459 7.366346 6.962762 5.793571 4.304143 4.442864 4.116233 4.484048 4.196277 3.015381 3.268748 4.425974 5.882187 5.565756 3.015242 3.474026 4.608062 3.580524 1.89438 1.863595 3.411466 3.08519 4.526885 3.990087 3.85391 4.502978 6.551679 5.906391 8.052717 6.421575 6.182209 5.139367 4.617177 3.332304 2.851256 3.031472 2.91392 2.242102 1.678559 3.56435 5.644037 1.869441 1.850303 2.014013 1.238245 1.42154 2.211675
3.481381 1.763298 2.475894 2.49628 3.655557 3.632254 2.715169 3.227562 4.207759 4.117958 3.902964 4.010889 4.997074 5.805703 6.895653 5.970678 6.427801 5.951108 6.337146 5.278553 3.14214 6.53164 4.201793 3.437271 2.845652 3.241964 3.2275 3.826485 4.548805 3.81911 4.430935 3.804488 3.144021 2.773501 3.197909 2.972348 1.671189 3.123742 4.336426 5.45311 5.111265 4.819227 3.413393 6.650827 8.713841 7.352964 7.846973 6.896314 8.185585 9.158637 7.791003 6.490149 4.787633 4.997595 2.387584 2.128719 2.82869 1.988325 1.85459 2.180537 4.607348 1.382476
3.101001 4.631167 5.246317 3.761872 2.515802 3.606919 2.870629 4.283062 5.322242 4.954769 4.600336 4.261245 4.839337 5.119112 6.264975 6.428417 7.415894 7.585454 6.137855 5.028853 3.542202 3.822572 4.33408 4.531927 3.106776 2.966401 2.871452 4.349322 4.649695 3.559383 4.046511 2.948513 3.758159 3.139011 2.863713 2.17029 2.218373 2.722737 3.686354 5.917141 5.834321 4.568254 4.926085 6.863474 7.78347 5.256157 5.69606 7.308287 6.624167 6.414597 8.724053 5.477173 7.448594 6.925329 6.547564 8.551462 8.513981 6.569098 4.267767 5.259363 4.122545 4.140263
3.487648 5.033871 5.637974 5.19831 2.334398 4.584371 5.644871 4.735232 4.432192 4.740122 7.45681 8.363441 9.180139 8.279305 9.197116 8.72699 10.34144 7.919458 9.816037 6.743069 4.937478 3.514101 4.069061 3.544399 6.284529 4.880705 3.185596 5.530205 5.515872 4.305634 4.106277 3.653775 2.747424 2.639516 2.015932 2.496083 3.204654 4.295291 5.085033 6.036102 6.383667 5.690442 5.932494 5.058271 7.257005 5.788569 6.22401 5.497872 6.231137 5.832259 4.202468 4.452514 7.006713 10.51724 11.12939 11.04718 10.06628 9.694102 9.254351 9.947598 9.547089 10.32292
3.863766 5.713535 4.813789 3.503421 2.724042 0.2726674 2.716338 2.733719 2.731153 5.453959 7.302699 7.083494 8.473187 9.372069 8.917021 11.54689 11.29556 11.47195 13.13678 11.77309 8.615824 7.033055 6.889586 5.919714 6.463126 7.579339 5.201306 4.433936 4.835371 5.405844 2.857487 5.160662 3.874032 2.699049 4.397205 5.791929 4.88912 4.097317 2.996521 4.654466 5.863172 5.363081 6.331881 5.607022 6.142296 5.421478 4.751585 4.103083 4.282516 5.39585 6.653202 8.793667 12.00475 11.96616 12.35784 13.59544 10.17628 10.4814 11.93073 9.947479 11.71996 10.05058
4.529299 5.157782 5.19373 4.542928 2.905131 2.664075 3.504208 4.382506 3.285043 3.225692 7.001576 7.885533 8.245036 8.2831 6.658724 9.422473 8.347156 10.91786 10.77912 12.84159 14.4 10.6896 8.343703 8.327734 6.628771 7.322022 5.201261 5.335653 4.910684 6.291674 3.960757 3.504056 1.960766 2.868614 5.336321 5.711686 5.896047 4.7604 2.880514 2.753938 5.092216 5.390451 4.387437 4.163919 4.69138 5.775224 4.976933 4.737655 6.56629 7.092016 8.358242 5.998371 8.405787 8.45146 8.601755 9.289523 7.273221 8.809175 8.493573 9.20675 10.50923 9.451573
3.15399 3.606142 4.685689 3.139269 3.035438 2.840817 2.540733 4.532156 4.026692 4.517428 5.981581 9.641575 9.991509 13.07697 12.56475 11.95081 11.47364 9.805691 11.98797 12.68863 12.98308 14.83805 15.18251 10.41809 8.265886 7.947053 6.252323 7.174791 6.451698 4.7204 7.891813 4.709788 2.876025 3.89514 5.619213 5.40727 5.298593 3.473938 3.569884 3.874569 2.074367 1.546086 3.232733 6.092599 6.554839 6.284122 5.727656 6.000261 7.112897 7.385694 6.187439 6.587081 8.436934 10.26948 9.376463 6.795657 7.274373 6.02465 8.908318 8.115938 7.262979 8.541744
3.152905 2.505041 1.237028 1.069971 1.040717 0.5729876 0.3964166 1.214714 0.2066966 0.05648624 1.489232 3.035236 5.884537 8.91715 10.49912 11.83442 12.89146 13.08325 13.38449 14.01834 12.60797 13.29454 15.99378 15.25261 13.59858 10.38383 9.922091 7.166027 4.834467 7.746347 7.704273 7.318361 5.069953 4.519713 5.999626 5.338424 3.098191 1.505384 1.091633 0.9972642 0.5431622 2.143628 5.95844 9.29676 8.183795 7.914073 7.439668 4.560565 5.847754 7.085869 7.629525 7.830243 8.657065 8.529448 8.318783 8.573833 6.684414 7.36099 9.39905 8.242462 7.142801 6.442936
2.519131 3.211134 1.39601 0.3021224 0.5685153 0.7145604 1.335387 1.119249 0.6478305 0.8094989 0.2680709 1.50926 4.221907 6.733961 8.763801 11.51473 9.284887 10.17514 13.1725 14.56551 13.76637 13.09451 10.61507 11.36625 14.23515 15.54756 11.59335 8.23839 9.006705 8.238045 6.458493 6.434103 7.528356 4.522025 3.535274 4.152069 4.510138 5.885238 5.928374 6.503943 4.297038 7.667907 11.8549 10.33485 6.797586 5.872214 7.085708 6.313829 8.016847 8.611952 9.561366 8.663639 7.968233 5.192216 9.958632 8.786134 8.475247 7.451004 7.548142 9.39513 8.869988 7.780598
2.394687 2.899394 2.546298 1.020459 0.1948647 0.382968 0.7572209 1.74372 0.8819715 1.112495 0.4328541 0.8370224 3.575758 5.909504 7.268039 9.022464 9.568183 9.531402 9.435925 10.98257 10.88462 11.32194 10.33221 7.982491 10.93266 13.64412 11.87045 10.13312 4.785229 7.715897 7.026276 7.833035 4.360305 5.975914 5.37165 4.792232 4.328539 4.904193 6.374856 6.219204 6.018571 5.561608 6.928177 6.284896 5.906356 4.872049 8.255669 7.3802 6.706791 8.043843 6.699368 9.130956 8.35938 7.530563 9.103861 8.4251 8.287062 8.499422 8.106517 8.313302 7.24063 8.560959
2.748275 2.283362 2.367209 0.6187928 0.2938241 0.7270315 0.423932 0.6225346 0.5731096 0.9001157 1.103397 1.832865 3.077323 6.824487 7.234407 7.169993 7.989372 10.81605 10.70721 12.35798 12.35937 11.45358 13.45763 11.61052 11.08012 13.06592 12.13995 11.52844 8.131535 6.654555 7.763936 5.198015 4.657826 7.952885 5.428393 5.537395 4.043621 4.606473 5.007767 4.951107 5.06376 4.634145 8.564276 7.700575 7.902591 7.585414 7.987815 8.053526 7.591951 7.852494 7.140133 5.636533 7.649091 8.305864 5.95988 6.293643 7.146184 7.989326 7.017552 7.321249 6.390219 8.22621
5.135595 2.894062 1.916804 0.6601815 0.8784398 0.5832834 0.9398503 2.393463 0.9819858 1.283658 1.274223 2.209506 3.239406 5.535522 6.827194 7.882288 7.039121 11.20975 12.88999 13.15016 13.50271 13.85362 10.71347 10.6209 11.05905 12.72234 14.20301 14.92647 12.28897 9.271472 6.532668 4.502308 7.043546 5.006755 4.856551 5.55075 4.285348 4.760111 4.584306 4.170867 3.665819 4.783277 6.309268 7.970811 9.525409 7.787758 7.365436 8.285038 7.485108 8.014369 6.940004 7.691227 5.092527 3.173831 2.417863 3.195219 4.440607 5.581387 5.916965 5.932563 5.294959 7.131098
4.842731 6.058419 2.998672 0.8551767 0.676505 0.6194999 0.9646984 2.10567 1.5408 0.5379099 0.6671641 1.452569 2.336789 5.130205 7.478411 7.258314 8.094059 11.19729 10.69514 11.30324 14.71292 15.18745 10.87286 10.0805 11.26568 12.08527 12.6413 17.27692 10.7197 11.53419 7.511643 8.244615 5.3413 5.779501 7.449834 5.585549 4.970635 3.552463 3.16506 4.499485 4.776754 4.899735 5.890878 5.102129 7.618809 6.525644 7.95605 9.753717 8.280519 8.668901 4.615042 1.241755 1.890446 0.2915839 0.05008291 0.1893235 1.829166 2.891486 3.652732 4.51293 3.671644 5.558849
4.062731 4.411742 2.766764 1.373917 0.9653746 0.7626383 0.8582931 2.012555 1.554779 0.6211084 0.5685419 0.9036885 1.291683 4.59073 6.100233 7.115988 6.900167 9.965191 10.27589 12.58658 15.32773 18.1895 16.99041 13.98833 11.22584 11.11273 12.56464 14.86745 14.24687 12.61452 12.23216 10.59307 9.35489 6.564712 4.978127 6.044535 7.92124 8.561963 8.306101 8.623824 7.251862 8.156231 5.501883 4.341014 4.45446 4.670406 3.940151 2.503447 2.20723 0.530419 0 0 0.001521963 0.2057903 0.3693801 1.555449 2.774694 2.069028 3.158009 4.355103 3.738219 3.934091
3.97147 3.305788 2.887296 1.657108 2.456937 3.365242 0.875957 0.7875283 1.588342 1.025632 0.6326863 0.8277573 2.082407 3.929839 4.547749 7.19484 6.339115 8.95981 11.17931 12.74184 14.16013 13.74114 15.96644 15.04777 12.80581 13.61855 14.24126 14.92544 11.83597 11.47037 12.01583 10.07029 6.090514 5.688806 6.448784 7.849679 8.803325 6.873923 6.771714 7.457151 5.903992 7.096756 6.175534 6.540741 4.735407 3.053383 0.8261844 2.66663 1.475842 0 0.003703518 0.09175753 0.8549259 1.089955 2.202332 2.44704 2.777147 3.611469 6.880024 4.651286 6.237381 2.022678
3.307972 3.435779 3.700693 2.704002 3.553669 4.143916 2.01611 1.040737 1.459965 2.399456 0.6939546 1.957776 2.938708 3.790972 4.575475 5.281039 6.191717 8.290642 11.0297 13.28919 15.69195 13.73254 15.66914 13.32506 16.12836 12.18565 11.8541 10.20672 9.718318 10.88035 10.69294 9.017552 7.826501 7.168847 6.9099 9.07671 8.582098 6.24702 6.996393 7.413984 5.308033 6.486467 6.752304 4.66341 3.433443 3.790449 4.10729 1.633523 1.468262 0.772319 2.168099 0.7146686 1.179064 1.714455 1.400732 1.411879 4.844322 6.518296 7.039572 7.096141 6.052569 8.037644
2.994651 4.045001 2.3564 2.571748 3.159496 3.269538 2.884664 1.016227 1.575057 1.60471 1.488576 1.855728 1.734983 2.933504 3.861941 4.907122 5.868648 6.904158 9.254709 9.636416 14.21156 12.91422 13.7834 16.03079 14.37745 14.28123 12.83905 12.31326 12.82113 12.6838 9.957076 7.186324 7.639146 9.092048 9.299303 9.271891 11.23806 7.61963 7.130613 6.942551 3.799408 4.477568 3.018529 4.088319 7.009314 6.068604 6.0025 4.195871 3.421079 4.187295 3.659235 4.335282 5.850943 5.224132 5.431454 10.29802 11.3522 8.132073 8.971346 7.589789 4.588216 2.174065
4.947557 4.875471 3.896526 2.902094 2.447018 3.401323 4.796521 2.632809 2.950401 3.135018 2.902177 2.068899 0.7012693 2.800134 2.720435 6.375049 5.896385 6.934269 5.91045 7.845119 10.78801 12.51627 7.95354 8.841391 11.90551 14.27246 16.10755 12.54275 13.61532 10.64331 11.67064 11.08721 8.831493 10.69097 10.25186 9.07882 8.786021 9.213607 5.581567 6.199769 6.532624 4.683986 3.254513 5.328075 6.206085 4.637859 7.13498 7.38233 6.554858 7.500806 7.202875 10.19934 8.739065 9.084729 9.360116 11.92985 10.32713 6.406959 10.56532 7.079325 4.332363 2.63225
4.951326 5.739732 5.69347 3.780557 2.885881 2.853732 4.276812 2.889737 3.505187 3.597247 3.985114 3.494583 2.242767 2.655212 2.882388 4.503739 5.402007 6.108179 7.413726 7.903523 9.725438 11.07276 11.89879 7.735443 12.5211 13.60275 14.33856 11.24271 10.29408 10.96105 11.70369 12.62866 11.53773 11.24104 10.28177 8.9744 5.739436 5.600904 7.054393 4.974251 5.768993 6.487647 7.368562 5.685923 5.139241 4.869079 6.085186 6.338377 6.593338 8.866949 7.704485 7.448248 8.479433 6.700655 5.84731 7.247416 8.412961 8.097301 7.766028 5.44114 6.731985 6.916679
4.593571 3.965892 4.432408 3.374152 3.06002 3.423415 3.755543 2.413511 2.748612 3.599265 3.228491 4.274389 3.655962 5.266517 5.10497 4.607803 6.434066 7.697958 6.760541 8.755671 11.38847 11.64873 13.0973 8.009904 10.25115 13.68774 12.1834 11.71681 9.756765 9.981074 10.42664 9.199465 10.79507 9.615737 9.249566 5.344783 8.017246 8.593041 7.602684 6.074883 6.608585 5.392134 4.342122 5.986361 6.330335 6.685153 10.55263 6.937811 8.634276 9.778015 10.55979 8.982413 8.712119 7.549337 6.925503 7.294996 7.008726 7.242837 5.467172 7.288146 6.152711 5.664584
3.950731 3.548187 3.564501 4.098437 3.230941 3.584058 3.271438 2.060681 3.146032 4.30697 4.118281 4.094825 5.850703 4.891972 4.821242 5.866455 6.223287 7.00016 7.371145 9.91408 15.36574 17.37516 13.78896 11.81766 13.35022 13.18058 12.53368 12.59723 10.50924 10.46404 10.11017 13.25649 11.80689 10.44827 5.031804 4.02665 6.830582 6.591157 4.594934 5.744833 3.786643 2.545101 5.520227 8.079123 9.649086 9.749765 7.0512 9.955635 8.154535 8.145097 7.969661 8.629438 10.05464 6.752695 8.123568 6.852793 8.092743 6.42015 5.572014 8.197249 7.238024 8.126733
