SiB2_DBHM_derive_trans/DBHModel/MODEL/GEO_INPUT_DATA/wsdemirr.asc
ncols         221
nrows         126
xllcorner     -457500 
yllcorner     -1500500
cellsize      10000
NODATA_value  -9999
[rows 74 to 110 of 126, columns 82 to 163 of 221]
1684 1964 2204 2439 2207 1841 1806 1946 1779 1838 1925 1987 2004 1946 2090 1972 1971 2059 2105 2084 1887 1852 1638 1604 1573 1626 1446 1519 1434 1302 1389 1222 1452 1346 1332 1089 1187 1213 1334 1409 1499 1508 1511 1393 1294 1270 1192 1068 970 1098 1142 1301 1492 1627 1463 1403 1156 923 724 58 383 390 411 493 494 613 529 627 736 1417 1523 1417 1668 1373 1127 905 732 597 751 934 778 412
1877 1694 2032 2254 2151 1809 2156 2011 1875 1846 1924 1930 1917 2054 1897 2013 1915 2138 2202 2379 2036 1713 1715 1569 1430 1481 1460 1340 1431 1343 1291 1281 1423 1277 1181 1065 1177 1388 1233 1409 1448 1388 1436 1293 1165 987 1134 956 879 908 1077 1314 1168 1525 1562 1039 899 693 458 369 501 505 539 623 702 652 495 880 865 1535 1356 981 925 1299 1694 1325 953 760 554 752 364 58
2062 1842 2007 2140 2033 1957 1941 1822 1738 1866 1963 1834 1905 1866 1866 1831 1790 1955 2142 2394 1993 1999 1650 1628 1503 1344 1397 1469 1181 1379 1215 1198 1360 1367 1271 1035 1086 1191 1370 1429 1368 1577 1472 1361 1440 1111 1050 1131 884 922 951 991 1398 1300 1315 1218 914 717 455 481 564 706 703 923 687 478 516 738 1050 588 693 496 950 988 1319 1197 599 306 240 119 110 97
2468 2064 2038 2071 1992 2201 2198 2007 1824 1976 1901 1916 1939 1871 2019 1906 1775 1839 2015 2299 2006 2028 1809 1688 1490 1582 1471 1495 1356 1350 1233 1199 1177 1305 1165 1065 1266 1315 1260 1286 1513 1551 1639 1503 1147 1247 1050 1068 1037 865 918 984 915 939 938 947 826 465 419 564 639 649 590 563 451 466 517 1212 914 632 432 493 480 450 403 583 332 197 146 123 116 108
3183 2320 2005 2056 2076 2171 2004 1970 1963 1751 2026 2044 1985 1851 1791 1835 1870 2024 1954 2201 2273 1896 1864 1441 1369 1465 1490 1470 1299 1300 1176 1197 1259 1219 1168 993 1239 1302 1275 1267 1369 1448 1450 1617 1440 1240 1355 1159 1033 929 666 741 761 804 772 796 706 537 408 577 650 524 448 58 443 395 675 1081 1069 1021 421 302 244 376 392 462 383 397 216 218 113 109
2514 2492 2256 2217 2011 2022 1974 2004 2139 2034 1862 2158 1984 1957 1920 1689 1936 1886 2025 2333 2279 1865 1781 2129 1511 1404 1291 1233 1414 1386 1354 1300 1164 1235 1209 1054 1238 1252 1299 1375 1278 1502 1372 1633 1523 1511 1508 1429 1256 1000 888 716 647 701 683 703 681 510 548 524 483 395 405 399 380 399 866 1186 768 863 58 509 723 453 239 262 278 135 134 112 100 108
2279 2523 2424 2202 2158 2097 2022 2122 2080 2154 2026 1853 1927 1932 1882 1760 1926 1942 1869 2026 2604 1887 1950 1932 1849 1601 1507 1340 1324 1341 1171 1142 1246 1167 955 1133 1182 1141 1134 1189 1303 1320 1490 1238 1244 1233 1122 1167 923 894 815 715 636 445 615 617 571 370 406 387 362 375 390 380 365 731 907 1308 695 511 637 778 964 485 300 405 379 300 145 175 104 191
2227 2524 2377 2431 2414 2088 2119 2030 2088 2319 2090 2010 1812 1652 1817 1755 1689 1703 1857 1923 2216 2273 1837 1654 1669 1417 1320 1363 1487 1318 1214 1103 1101 1102 1222 1160 1042 1084 1188 1314 1275 1424 1416 1155 1167 1174 1021 1134 1112 1130 753 611 570 415 622 516 444 328 401 360 350 359 363 373 956 679 594 500 408 367 683 658 637 485 371 268 262 205 112 107 98 103
2025 2399 2204 2253 2353 2210 1892 2154 2291 2209 2171 2097 2039 1908 1762 1588 1812 1767 1811 1829 1931 2361 2093 1658 1553 1447 1549 1280 1304 1341 1335 1382 1339 1232 1048 1076 1112 1043 1131 1175 1277 1638 1443 1378 939 1071 869 1100 650 562 476 503 490 397 458 408 409 328 374 350 397 387 1093 793 526 58 357 660 694 713 582 545 417 422 392 317 181 58 108 122 130 258
2273 2292 2299 2047 2304 2134 2003 1950 2101 2102 2011 1846 1871 1831 1888 1724 1630 1795 1633 1861 2083 2245 2344 1825 1555 1441 1398 1460 1273 1370 1420 1209 1203 1181 1243 1157 1030 1126 1067 999 1260 1337 1350 1023 874 690 990 702 526 471 406 388 380 382 355 366 351 334 703 1482 1109 777 629 470 301 401 605 724 926 644 634 508 479 424 410 301 150 227 212 312 430 374
2410 2325 2068 2107 2122 2048 2000 2041 1980 1855 1753 1823 1854 1793 1740 1591 1519 1700 1678 1667 1844 2140 2375 1431 1625 1509 1142 1307 1398 1246 1163 1145 1366 1273 1160 1317 1346 1117 1103 913 1071 1118 1068 1032 836 675 561 516 466 389 390 367 365 364 352 369 58 58 604 600 573 483 387 489 408 687 718 1314 826 684 536 500 378 297 218 342 333 289 239 381 468 500
2449 2288 2163 2091 2021 1911 1808 1920 1939 1828 1772 1627 1981 1707 1438 1420 1797 1844 1747 1678 1825 1788 2126 2306 1306 1267 1051 1176 1134 1347 1273 1260 1345 1383 1309 1345 1293 1360 1205 1112 969 892 844 787 804 617 529 58 417 394 361 351 351 360 342 353 350 311 336 310 58 304 386 483 543 884 1197 1013 1018 818 437 460 276 537 379 437 308 244 302 339 571 648
2980 2811 2467 2541 2070 2109 1804 1815 2029 1922 1861 1785 1748 1662 1751 1303 1515 1763 1846 1863 1568 1868 2142 2207 1777 1293 1023 924 948 1080 1285 1358 1463 1377 1395 1310 1225 1118 979 1041 1052 1157 971 602 477 447 423 404 58 58 356 354 58 342 343 359 391 595 504 525 637 473 508 466 730 981 1243 1106 727 475 336 298 499 967 601 378 268 304 300 305 301 298
3168 3125 2458 2029 2108 2141 1953 1805 2195 1991 1644 1733 1455 1702 1743 1413 1417 1548 1779 1472 1577 1646 1881 1910 2042 1526 1126 1201 821 981 1382 1586 1512 1369 1165 1091 978 948 999 840 801 797 497 447 449 437 398 379 356 351 346 342 353 413 1252 1404 1521 1299 1294 1677 1622 1621 910 905 906 984 951 750 494 424 555 710 1290 929 486 387 562 653 454 292 244 201
3121 2929 2608 2643 2402 2083 1660 1782 1679 1429 1491 1528 1463 1428 1415 1308 1291 1499 1355 1872 1930 1694 1829 1809 1793 1900 1586 997 1239 821 909 973 1088 1067 1562 1394 1059 827 903 659 615 539 530 508 449 401 382 58 358 482 501 658 607 1422 1831 1923 1502 1371 1405 1405 1785 858 992 1243 1179 1006 770 542 666 838 996 1513 763 609 447 303 500 544 -9999 -9999 -9999 -9999
2933 2895 2812 2502 2177 1977 1845 2136 1944 1824 2039 2045 1860 1654 1706 1458 1469 1291 1210 1606 1688 2041 1399 1885 1706 1514 1573 1065 789 889 916 793 779 799 804 721 689 58 599 605 585 556 534 505 58 353 395 394 587 889 942 663 1499 1270 1833 1306 1502 1335 1166 1121 1194 1096 1108 1325 1237 1314 831 884 1000 1426 1332 1247 959 528 423 626 553 -9999 -9999 -9999 -9999 -9999
2363 2695 2986 2290 2597 2397 2235 2573 2342 2339 2246 2432 2038 1628 1634 1544 1593 1454 1196 1366 1624 1600 1521 1197 1118 1166 1019 1193 766 701 596 773 748 672 687 630 603 575 544 557 544 514 481 403 396 404 424 58 601 919 992 873 1800 1612 1349 1349 1216 1057 1099 1060 1078 1151 1311 1111 953 680 676 847 1385 961 884 696 538 756 953 1308 -9999 -9999 -9999 -9999 -9999 -9999
2735 2626 2633 2894 2598 2490 2689 2766 2435 2249 2363 1978 1966 1783 1718 1598 1554 1559 1325 1617 2087 1975 1902 1708 1398 893 896 1059 774 629 596 558 540 527 510 682 577 528 487 449 429 410 397 399 413 422 465 541 741 517 586 1126 1305 1378 1157 1149 1031 992 1030 1061 972 903 1197 1073 850 675 996 1113 1496 1404 1395 1107 717 559 1117 -9999 -9999 -9999 -9999 -9999 -9999 -9999
2363 2959 2864 2838 2595 2756 2747 2639 2425 2228 -9999 -9999 -9999 -9999 -9999 1906 1749 1766 2036 2031 -9999 -9999 -9999 2090 1753 1984 1794 1719 934 1288 1024 1142 976 807 636 599 517 497 444 435 420 423 414 410 415 425 476 612 566 781 994 1219 1450 -9999 -9999 -9999 1088 1212 1174 1066 932 993 975 1043 980 879 1165 1024 1148 1207 1238 1285 856 945 1178 -9999 -9999 -9999 -9999 -9999 -9999 -9999
2803 2396 2743 2553 2784 2649 2920 2595 -9999 -9999 -9999 -9999 -9999 -9999 -9999 -9999 -9999 -9999 -9999 -9999 -9999 -9999 -9999 -9999 -9999 -9999 -9999 -9999 2160 2193 2031 2028 1855 1613 1158 971 1234 912 653 485 486 494 473 442 429 884 783 906 922 1036 1133 1294 1457 -9999 -9999 -9999 -9999 -9999 -9999 1343 1196 1113 1432 1122 1022 -9999 -9999 -9999 1518 1122 1294 909 1012 1260 1104 -9999 -9999 -9999 -9999 -9999 -9999 -9999
3014 2730 2563 -9999 2642 3199 2963 2966 -9999 -9999 -9999 -9999 -9999 -9999 -9999 -9999 -9999 -9999 -9999 -9999 -9999 -9999 -9999 -9999 -9999 -9999 -9999 -9999 -9999 -9999 -9999 1643 1654 1375 1194 2034 1946 1732 1884 834 1364 1195 1010 1585 1432 1206 1330 2270 1997 1754 1611 1407 1296 -9999 -9999 -9999 -9999 -9999 -9999 -9999 -9999 -9999 -9999 1417 -9999 -9999 -9999 -9999 -9999 -9999 -9999 914 966 1731 -9999 -9999 -9999 -9999 -9999 -9999 -9999 -9999
3342 2762 -9999 -9999 -9999 -9999 -9999 -9999 -9999 -9999 -9999 -9999 -9999 -9999 -9999 -9999 -9999 -9999 -9999 -9999 -9999 -9999 -9999 -9999 -9999 -9999 -9999 -9999 -9999 -9999 -9999 -9999 2653 2220 2528 3594 2216 2066 1928 1732 2314 1750 1088 2251 1862 1939 1908 -9999 -9999 -9999 -9999 -9999 -9999 -9999 -9999 -9999 -9999 -9999 -9999 -9999 -9999 -9999 -9999 -9999 -9999 -9999 -9999 -9999 -9999 -9999 -9999 -9999 -9999 -9999 -9999 -9999 -9999 -9999 -9999 -9999 -9999 -9999
-9999 -9999 -9999 -9999 -9999 -9999 -9999 -9999 -9999 -9999 -9999 -9999 -9999 -9999 -9999 -9999 -9999 -9999 -9999 -9999 -9999 -9999 -9999 -9999 -9999 -9999 -9999 -9999 -9999 -9999 -9999 -9999 -9999 -9999 -9999 2433 1511 1948 1546 1375 1528 2117 1896 1715 -9999 -9999 -9999 -9999 -9999 -9999 -9999 -9999 -9999 -9999 -9999 -9999 -9999 -9999 -9999 -9999 -9999 -9999 -9999 -9999 -9999 -9999 -9999 -9999 -9999 -9999 -9999 -9999 -9999 -9999 -9999 -9999 -9999 -9999 -9999 -9999 -9999 -9999
-9999 -9999 -9999 -9999 -9999 -9999 -9999 -9999 -9999 -9999 -9999 -9999 -9999 -9999 -9999 -9999 -9999 -9999 -9999 -9999 -9999 -9999 -9999 -9999 -9999 -9999 -9999 -9999 -9999 -9999 -9999 -9999 -9999 -9999 -9999 2357 2085 1969 1842 1953 2016 -9999 -9999 -9999 -9999 -9999 -9999 -9999 -9999 -9999 -9999 -9999 -9999 -9999 -9999 -9999 -9999 -9999 -9999 -9999 -9999 -9999 -9999 -9999 -9999 -9999 -9999 -9999 -9999 -9999 -9999 -9999 -9999 -9999 -9999 -9999 -9999 -9999 -9999 -9999 -9999 -9999
-9999 -9999 -9999 -9999 -9999 -9999 -9999 -9999 -9999 -9999 -9999 -9999 -9999 -9999 -9999 -9999 -9999 -9999 -9999 -9999 -9999 -9999 -9999 -9999 -9999 -9999 -9999 -9999 -9999 -9999 -9999 -9999 -9999 -9999 -9999 -9999 -9999 -9999 -9999 -9999 -9999 -9999 -9999 -9999 -9999 -9999 -9999 -9999 -9999 -9999 -9999 -9999 -9999 -9999 -9999 -9999 -9999 -9999 -9999 -9999 -9999 -9999 -9999 -9999 -9999 -9999 -9999 -9999 -9999 -9999 -9999 -9999 -9999 -9999 -9999 -9999 -9999 -9999 -9999 -9999 -9999 -9999
-9999 -9999 -9999 -9999 -9999 -9999 -9999 -9999 -9999 -9999 -9999 -9999 -9999 -9999 -9999 -9999 -9999 -9999 -9999 -9999 -9999 -9999 -9999 -9999 -9999 -9999 -9999 -9999 -9999 -9999 -9999 -9999 -9999 -9999 -9999 -9999 -9999 -9999 -9999 -9999 -9999 -9999 -9999 -9999 -9999 -9999 -9999 -9999 -9999 -9999 -9999 -9999 -9999 -9999 -9999 -9999 -9999 -9999 -9999 -9999 -9999 -9999 -9999 -9999 -9999 -9999 -9999 -9999 -9999 -9999 -9999 -9999 -9999 -9999 -9999 -9999 -9999 -9999 -9999 -9999 -9999 -9999
-9999 -9999 -9999 -9999 -9999 -9999 -9999 -9999 -9999 -9999 -9999 -9999 -9999 -9999 -9999 -9999 -9999 -9999 -9999 -9999 -9999 -9999 -9999 -9999 -9999 -9999 -9999 -9999 -9999 -9999 -9999 -9999 -9999 -9999 -9999 -9999 -9999 -9999 -9999 -9999 -9999 -9999 -9999 -9999 -9999 -9999 -9999 -9999 -9999 -9999 -9999 -9999 -9999 -9999 -9999 -9999 -9999 -9999 -9999 -9999 -9999 -9999 -9999 -9999 -9999 -9999 -9999 -9999 -9999 -9999 -9999 -9999 -9999 -9999 -9999 -9999 -9999 -9999 -9999 -9999 -9999 -9999
-9999 -9999 -9999 -9999 -9999 -9999 -9999 -9999 -9999 -9999 -9999 -9999 -9999 -9999 -9999 -9999 -9999 -9999 -9999 -9999 -9999 -9999 -9999 -9999 -9999 -9999 -9999 -9999 -9999 -9999 -9999 -9999 -9999 -9999 -9999 -9999 -9999 -9999 -9999 -9999 -9999 -9999 -9999 -9999 -9999 -9999 -9999 -9999 -9999 -9999 -9999 -9999 -9999 -9999 -9999 -9999 -9999 -9999 -9999 -9999 -9999 -9999 -9999 -9999 -9999 -9999 -9999 -9999 -9999 -9999 -9999 -9999 -9999 -9999 -9999 -9999 -9999 -9999 -9999 -9999 -9999 -9999
-9999 -9999 -9999 -9999 -9999 -9999 -9999 -9999 -9999 -9999 -9999 -9999 -9999 -9999 -9999 -9999 -9999 -9999 -9999 -9999 -9999 -9999 -9999 -9999 -9999 -9999 -9999 -9999 -9999 -9999 -9999 -9999 -9999 -9999 -9999 -9999 -9999 -9999 -9999 -9999 -9999 -9999 -9999 -9999 -9999 -9999 -9999 -9999 -9999 -9999 -9999 -9999 -9999 -9999 -9999 -9999 -9999 -9999 -9999 -9999 -9999 -9999 -9999 -9999 -9999 -9999 -9999 -9999 -9999 -9999 -9999 -9999 -9999 -9999 -9999 -9999 -9999 -9999 -9999 -9999 -9999 -9999
-9999 -9999 -9999 -9999 -9999 -9999 -9999 -9999 -9999 -9999 -9999 -9999 -9999 -9999 -9999 -9999 -9999 -9999 -9999 -9999 -9999 -9999 -9999 -9999 -9999 -9999 -9999 -9999 -9999 -9999 -9999 -9999 -9999 -9999 -9999 -9999 -9999 -9999 -9999 -9999 -9999 -9999 -9999 -9999 -9999 -9999 -9999 -9999 -9999 -9999 -9999 -9999 -9999 -9999 -9999 -9999 -9999 -9999 -9999 -9999 -9999 -9999 -9999 -9999 -9999 -9999 -9999 -9999 -9999 -9999 -9999 -9999 -9999 -9999 -9999 -9999 -9999 -9999 -9999 -9999 -9999 -9999
-9999 -9999 -9999 -9999 -9999 -9999 -9999 -9999 -9999 -9999 -9999 -9999 -9999 -9999 -9999 -9999 -9999 -9999 -9999 -9999 -9999 -9999 -9999 -9999 -9999 -9999 -9999 -9999 -9999 -9999 -9999 -9999 -9999 -9999 -9999 -9999 -9999 -9999 -9999 -9999 -9999 -9999 -9999 -9999 -9999 -9999 -9999 -9999 -9999 -9999 -9999 -9999 -9999 -9999 -9999 -9999 -9999 -9999 -9999 -9999 -9999 -9999 -9999 -9999 -9999 -9999 -9999 -9999 -9999 -9999 -9999 -9999 -9999 -9999 -9999 -9999 -9999 -9999 -9999 -9999 -9999 -9999
-9999 -9999 -9999 -9999 -9999 -9999 -9999 -9999 -9999 -9999 -9999 -9999 -9999 -9999 -9999 -9999 -9999 -9999 -9999 -9999 -9999 -9999 -9999 -9999 -9999 -9999 -9999 -9999 -9999 -9999 -9999 -9999 -9999 -9999 -9999 -9999 -9999 -9999 -9999 -9999 -9999 -9999 -9999 -9999 -9999 -9999 -9999 -9999 -9999 -9999 -9999 -9999 -9999 -9999 -9999 -9999 -9999 -9999 -9999 -9999 -9999 -9999 -9999 -9999 -9999 -9999 -9999 -9999 -9999 -9999 -9999 -9999 -9999 -9999 -9999 -9999 -9999 -9999 -9999 -9999 -9999 -9999
-9999 -9999 -9999 -9999 -9999 -9999 -9999 -9999 -9999 -9999 -9999 -9999 -9999 -9999 -9999 -9999 -9999 -9999 -9999 -9999 -9999 -9999 -9999 -9999 -9999 -9999 -9999 -9999 -9999 -9999 -9999 -9999 -9999 -9999 -9999 -9999 -9999 -9999 -9999 -9999 -9999 -9999 -9999 -9999 -9999 -9999 -9999 -9999 -9999 -9999 -9999 -9999 -9999 -9999 -9999 -9999 -9999 -9999 -9999 -9999 -9999 -9999 -9999 -9999 -9999 -9999 -9999 -9999 -9999 -9999 -9999 -9999 -9999 -9999 -9999 -9999 -9999 -9999 -9999 -9999 -9999 -9999
-9999 -9999 -9999 -9999 -9999 -9999 -9999 -9999 -9999 -9999 -9999 -9999 -9999 -9999 -9999 -9999 -9999 -9999 -9999 -9999 -9999 -9999 -9999 -9999 -9999 -9999 -9999 -9999 -9999 -9999 -9999 -9999 -9999 -9999 -9999 -9999 -9999 -9999 -9999 -9999 -9999 -9999 -9999 -9999 -9999 -9999 -9999 -9999 -9999 -9999 -9999 -9999 -9999 -9999 -9999 -9999 -9999 -9999 -9999 -9999 -9999 -9999 -9999 -9999 -9999 -9999 -9999 -9999 -9999 -9999 -9999 -9999 -9999 -9999 -9999 -9999 -9999 -9999 -9999 -9999 -9999 -9999
-9999 -9999 -9999 -9999 -9999 -9999 -9999 -9999 -9999 -9999 -9999 -9999 -9999 -9999 -9999 -9999 -9999 -9999 -9999 -9999 -9999 -9999 -9999 -9999 -9999 -9999 -9999 -9999 -9999 -9999 -9999 -9999 -9999 -9999 -9999 -9999 -9999 -9999 -9999 -9999 -9999 -9999 -9999 -9999 -9999 -9999 -9999 -9999 -9999 -9999 -9999 -9999 -9999 -9999 -9999 -9999 -9999 -9999 -9999 -9999 -9999 -9999 -9999 -9999 -9999 -9999 -9999 -9999 -9999 -9999 -9999 -9999 -9999 -9999 -9999 -9999 -9999 -9999 -9999 -9999 -9999 -9999
-9999 -9999 -9999 -9999 -9999 -9999 -9999 -9999 -9999 -9999 -9999 -9999 -9999 -9999 -9999 -9999 -9999 -9999 -9999 -9999 -9999 -9999 -9999 -9999 -9999 -9999 -9999 -9999 -9999 -9999 -9999 -9999 -9999 -9999 -9999 -9999 -9999 -9999 -9999 -9999 -9999 -9999 -9999 -9999 -9999 -9999 -9999 -9999 -9999 -9999 -9999 -9999 -9999 -9999 -9999 -9999 -9999 -9999 -9999 -9999 -9999 -9999 -9999 -9999 -9999 -9999 -9999 -9999 -9999 -9999 -9999 -9999 -9999 -9999 -9999 -9999 -9999 -9999 -9999 -9999 -9999 -9999
-9999 -9999 -9999 -9999 -9999 -9999 -9999 -9999 -9999 -9999 -9999 -9999 -9999 -9999 -9999 -9999 -9999 -9999 -9999 -9999 -9999 -9999 -9999 -9999 -9999 -9999 -9999 -9999 -9999 -9999 -9999 -9999 -9999 -9999 -9999 -9999 -9999 -9999 -9999 -9999 -9999 -9999 -9999 -9999 -9999 -9999 -9999 -9999 -9999 -9999 -9999 -9999 -9999 -9999 -9999 -9999 -9999 -9999 -9999 -9999 -9999 -9999 -9999 -9999 -9999 -9999 -9999 -9999 -9999 -9999 -9999 -9999 -9999 -9999 -9999 -9999 -9999 -9999 -9999 -9999 -9999 -9999
