SiB2_DBHM_derive_trans/DBHModel/MODEL/GEO_INPUT_DATA/wsdemirr.asc
ncols         221
nrows         126
xllcorner     -457500 
yllcorner     -1500500
cellsize      10000
NODATA_value  -9999
[rows 74 to 110 of 126, columns 0 to 81 of 221]
-9999 -9999 -9999 -9999 -9999 -9999 -9999 -9999 -9999 -9999 -9999 -9999 -9999 -9999 -9999 -9999 -9999 -9999 -9999 -9999 -9999 -9999 -9999 -9999 -9999 -9999 -9999 -9999 -9999 -9999 -9999 -9999 -9999 -9999 -9999 -9999 4967 4376 4866 4420 4386 -9999 -9999 -9999 -9999 -9999 -9999 -9999 3015 2981 2934 2861 2691 2691 2676 2670 2502 2502 2614 2347 2815 2495 2179 2617 2842 3059 2905 2925 3116 3555 2455 2361 2294 1930 1808 1650 2352 2044 1708 1622 1622 1622
-9999 -9999 -9999 -9999 -9999 -9999 -9999 -9999 -9999 -9999 -9999 -9999 -9999 -9999 -9999 -9999 -9999 -9999 -9999 -9999 -9999 -9999 -9999 -9999 -9999 -9999 -9999 -9999 -9999 -9999 -9999 -9999 -9999 -9999 -9999 -9999 4583 4776 4312 4391 4514 4620 3838 -9999 -9999 -9999 -9999 -9999 3090 2993 2936 2762 2691 2691 2929 3032 3058 2347 2347 2555 3955 3664 2786 2179 2395 2608 2610 2870 2718 3284 2541 2266 2318 1989 1706 1840 2114 2425 2316 2018 1812 1882
-9999 -9999 -9999 -9999 -9999 -9999 -9999 -9999 -9999 -9999 -9999 -9999 -9999 -9999 -9999 -9999 -9999 -9999 -9999 -9999 -9999 -9999 -9999 -9999 -9999 -9999 -9999 -9999 -9999 -9999 -9999 -9999 -9999 -9999 -9999 -9999 -9999 4807 4203 4356 4271 4385 4698 3603 -9999 -9999 -9999 -9999 3119 3094 2961 2691 2705 2801 3083 3250 3143 2975 2347 2715 3509 3760 3124 2477 2237 2732 2363 2570 2773 2653 2457 2085 2410 2164 2226 1794 2327 2068 2243 2508 2171 2501
-9999 -9999 -9999 -9999 -9999 -9999 -9999 -9999 -9999 -9999 -9999 -9999 -9999 -9999 -9999 -9999 -9999 -9999 -9999 -9999 -9999 -9999 -9999 -9999 -9999 -9999 -9999 -9999 -9999 -9999 -9999 -9999 -9999 -9999 -9999 -9999 -9999 4275 4270 4627 4108 4142 3929 3712 4068 3396 -9999 -9999 3233 3141 2691 3121 3112 3064 3146 3174 3411 3355 2740 2598 2981 3379 3838 2991 2239 2269 2060 2505 2019 2067 2017 2196 2129 2009 1794 1900 2306 2028 1964 2019 2624 2782
-9999 -9999 -9999 -9999 -9999 -9999 -9999 -9999 -9999 -9999 -9999 -9999 -9999 -9999 -9999 -9999 -9999 -9999 -9999 -9999 -9999 -9999 -9999 -9999 -9999 -9999 -9999 -9999 -9999 -9999 -9999 -9999 -9999 -9999 -9999 -9999 -9999 4190 4689 4629 4737 3872 3944 3553 3580 3849 3664 3233 2770 2724 3109 3206 3246 3280 3305 3476 3268 3490 2981 3317 3131 3650 3528 3538 2334 3289 2978 2661 2866 2955 2926 2407 2246 2140 1931 2204 2075 2316 1964 1964 2309 2910
-9999 -9999 -9999 -9999 -9999 -9999 -9999 -9999 -9999 -9999 -9999 -9999 -9999 -9999 -9999 -9999 -9999 -9999 -9999 -9999 -9999 -9999 -9999 -9999 -9999 -9999 -9999 -9999 -9999 -9999 -9999 -9999 -9999 -9999 -9999 -9999 -9999 -9999 4482 4518 4745 3948 4615 3532 3745 3423 3799 2968 3157 3179 3144 3234 3312 3342 3375 3703 3925 3739 3158 3609 3621 3193 3134 2554 2324 3007 3882 3724 2843 2796 3612 2608 2140 1899 2122 2005 2344 2306 2267 2000 1969 2212
-9999 -9999 -9999 -9999 -9999 -9999 -9999 -9999 -9999 -9999 -9999 -9999 -9999 -9999 -9999 -9999 -9999 -9999 -9999 -9999 -9999 -9999 -9999 -9999 -9999 -9999 -9999 -9999 -9999 -9999 -9999 -9999 -9999 -9999 -9999 -9999 -9999 4486 4538 4341 4407 4038 4348 4042 3124 3313 3252 2923 3253 3460 3201 3212 3109 3253 3286 3387 3918 4044 3838 4766 4375 3796 3764 3121 2471 2713 3593 3576 3631 4285 4009 3058 2539 2176 1974 2025 2183 2264 2241 1970 1964 2218
-9999 -9999 -9999 -9999 -9999 -9999 -9999 -9999 -9999 -9999 -9999 -9999 -9999 -9999 -9999 -9999 -9999 4614 4754 -9999 -9999 -9999 -9999 -9999 -9999 -9999 -9999 -9999 -9999 -9999 -9999 -9999 -9999 -9999 -9999 -9999 -9999 4562 4496 4341 4684 4442 4122 3931 3455 3286 2932 3114 4171 4260 3835 3541 3599 3340 3243 3341 3428 3565 3828 4598 4515 3933 4362 2928 3071 3437 3299 3323 3339 3941 3851 3308 2381 2118 2042 2182 2141 2142 2251 2051 2061 1982
-9999 -9999 -9999 -9999 -9999 -9999 -9999 -9999 -9999 -9999 4519 4519 4643 4727 -9999 4684 5055 4567 4562 4546 4484 4375 -9999 -9999 4961 4782 -9999 -9999 -9999 -9999 -9999 -9999 -9999 -9999 -9999 -9999 -9999 -9999 -9999 4523 4026 4497 4315 4534 4397 3657 3266 2932 3839 4052 4118 4042 3777 3758 3533 3649 4089 3887 3798 4087 3992 4248 3463 2943 3974 3758 4216 3166 2981 2998 2773 2663 2907 2839 2387 2286 2265 2430 2104 2095 1970 2103
-9999 -9999 -9999 -9999 -9999 -9999 -9999 -9999 -9999 -9999 4633 4519 4538 4548 4720 4944 4532 4510 4549 4548 4583 4673 4653 4530 4564 4608 4773 4615 4577 -9999 -9999 -9999 -9999 -9999 -9999 -9999 -9999 -9999 -9999 4524 4394 4130 4792 3854 3615 3010 2991 2938 2932 3297 3382 3547 3315 3328 3541 3450 3508 3643 3781 4201 4286 3599 3604 3219 3784 3686 3758 3331 3153 3697 3168 2982 2825 2953 3291 3008 2531 2412 2404 2175 1964 2262
-9999 -9999 -9999 -9999 -9999 -9999 -9999 -9999 -9999 4521 4584 4416 4395 4355 4372 4391 4456 4628 4462 4649 4513 4547 4469 4490 4482 4502 4424 4464 4549 4623 -9999 -9999 -9999 -9999 -9999 -9999 -9999 4425 4207 4203 4261 4110 3574 3615 3678 3738 3678 3036 3289 3158 3222 3281 3302 3338 3473 3610 3695 3913 3730 4125 4222 3594 3550 3300 4004 3471 3454 3454 3140 2926 3252 2689 3414 3863 3584 3780 3029 3462 2884 2262 2049 2139
-9999 -9999 -9999 -9999 -9999 -9999 -9999 -9999 4540 4497 4480 4598 4457 4364 4331 4338 4319 4504 4582 4365 4555 4723 4371 4454 4372 4273 4281 4304 4343 4303 4544 4272 4301 4343 -9999 -9999 4261 4316 4516 3935 4301 4296 4344 3986 3949 3858 3811 3702 3185 3866 3828 3651 3542 3547 3833 3654 3851 3978 3864 3852 3992 3701 3650 3350 3929 3469 3745 3199 3231 3658 3667 3091 2944 3237 3540 3598 3370 3498 3653 2360 2728 2444
-9999 -9999 -9999 -9999 -9999 -9999 -9999 -9999 4627 4625 4671 4517 4592 4514 4426 4333 4341 4314 4314 4298 4296 4287 4310 4364 4273 4273 4253 4295 4244 4315 4426 4305 4297 4518 4455 -9999 4761 4403 3995 4621 4543 3995 4090 4137 4173 4074 3748 3597 3477 3746 3815 3743 3969 3813 4012 3988 3973 3718 3748 3643 3666 3611 3543 3673 3794 3984 3861 3210 3435 3833 3346 3087 2957 3187 3371 3500 3431 3122 2679 2617 2478 2983
-9999 -9999 -9999 -9999 -9999 -9999 -9999 -9999 4787 4629 4539 4492 4488 4539 4635 4342 4322 4533 4290 4287 4287 4287 4322 4322 4273 4273 4378 4355 3366 4461 4496 4259 4265 4423 4505 4476 4642 4710 4826 4096 4750 4574 4902 4357 4294 4058 3642 4034 3121 3923 4217 4123 3960 3831 4044 3830 3791 3654 3654 3724 3583 3695 3728 3945 3760 3693 3659 3644 4086 4133 3251 3425 3053 3307 3426 3593 3795 3529 2883 2916 2683 2662
-9999 -9999 -9999 -9999 -9999 -9999 -9999 -9999 -9999 4676 4591 4574 4615 4475 4408 4509 4453 4403 4380 4419 4304 4337 3366 4273 4273 4273 4273 4217 4217 4239 4277 4231 4254 4331 4449 4737 4704 4674 4899 4200 4881 4507 4276 4587 4126 4157 3992 3926 3431 3921 3607 3834 4041 3818 4018 4121 3795 3751 3732 3579 3601 3608 3710 4085 3787 3578 4151 3641 3435 3299 3226 3151 3277 3340 3208 3318 3368 3047 3004 2855 2363 2907
-9999 -9999 -9999 -9999 -9999 -9999 -9999 -9999 -9999 4808 4593 4624 4821 4613 4457 4534 4484 4610 4397 4354 4318 4299 4273 4423 4325 4312 4439 4316 4223 4218 4315 4272 4396 4278 4386 4532 4625 4697 4479 4413 4536 4695 4367 3999 3675 4005 4203 3971 3946 3787 3366 4363 3989 3588 3715 4103 4040 3609 3557 3547 3769 3623 3738 4146 3623 3628 3688 3649 3472 3202 3561 3141 2972 3095 3086 3034 2833 2988 3079 2824 2551 2772
-9999 -9999 -9999 -9999 -9999 -9999 -9999 -9999 -9999 4758 4685 4735 4659 4725 4666 4509 4475 4547 4581 4598 4590 4550 4414 4298 4530 4333 4247 4221 4272 4331 4269 4465 4254 4211 4430 4302 4584 4517 4552 4642 4587 4810 4057 4537 4142 4569 4182 4212 4534 4377 3952 3366 3366 3776 3465 3949 3921 3743 3678 3520 3538 3677 3655 4148 3677 3585 3431 3539 3276 3553 3411 3476 2940 3302 3044 2771 2701 2836 2797 2814 2974 2573
-9999 -9999 -9999 -9999 -9999 -9999 -9999 -9999 -9999 -9999 4656 4789 4748 4631 4734 4793 4588 4564 4517 4441 4440 4475 4410 4318 4447 4482 4326 4342 4231 4215 3366 4313 4482 4261 4175 4268 4339 4445 4686 4513 4820 4535 4524 4359 3955 4371 4494 4237 4044 4424 3551 3886 3686 3970 3917 3689 4221 3736 3708 3723 3685 3693 3732 3718 3591 3655 3423 3655 3276 3276 3560 2993 3485 3470 3053 3349 2917 3214 2820 2870 2826 2638
-9999 -9999 -9999 -9999 -9999 -9999 -9999 -9999 -9999 -9999 -9999 -9999 4819 4680 4605 4633 4648 4598 4484 4508 4554 4695 4411 4484 4435 4503 4489 4323 4408 4308 4388 3366 4404 4448 4175 4243 4246 4587 4371 4599 4736 4600 4291 4146 4192 3955 4264 4261 4073 4057 4198 4311 4171 3737 3839 3366 3445 4096 3778 3842 3916 3813 3835 3601 3513 3325 3347 3708 3546 3276 3276 3570 3644 3302 3343 3541 2994 3338 2895 3023 2871 2602
-9999 -9999 -9999 -9999 -9999 -9999 -9999 -9999 -9999 -9999 -9999 -9999 -9999 4807 4729 4646 4585 4701 4500 4617 4605 4616 4531 4493 4577 4577 4698 4486 4316 4403 4562 4352 4182 4189 4180 4268 4398 4343 4280 4584 4878 4584 4317 4558 4419 4610 4470 4183 3878 4141 4160 4472 4204 3852 3823 3870 3366 3739 3929 3801 3963 3711 3788 3958 3622 3646 3609 3652 3519 3344 3397 3803 3523 3430 3548 3820 3468 3838 3342 3521 3135 2953
-9999 -9999 -9999 -9999 -9999 -9999 -9999 -9999 -9999 -9999 -9999 -9999 -9999 -9999 4850 4623 4622 4662 4680 4487 4577 4642 4845 4997 4795 4667 4582 4581 4526 4419 4351 4452 4312 4182 4182 4438 4178 4171 4370 4528 4497 4472 4624 4490 4376 4694 4394 4145 4455 4107 3967 4208 4026 4200 4037 4105 3829 3549 3621 3591 3694 3791 3678 3600 3754 3671 3501 3827 3750 3711 3879 3855 3546 4279 4010 3990 4405 3560 3769 3677 2781 2903
-9999 -9999 -9999 -9999 -9999 -9999 -9999 -9999 -9999 -9999 -9999 -9999 -9999 -9999 -9999 -9999 -9999 4583 4606 4551 4560 4759 4933 4810 4786 4592 4570 4711 4483 4370 4396 4416 4499 4236 4180 4164 4200 4277 4251 4318 4509 4457 4900 4472 4344 4385 4596 4488 4267 4130 3950 4069 4487 4353 4073 3948 3538 3496 3449 3613 3725 3809 3867 3922 3600 3600 3529 3529 3529 3529 3636 -9999 -9999 -9999 -9999 -9999 -9999 4034 3728 3349 -9999 -9999
-9999 -9999 -9999 -9999 -9999 -9999 -9999 -9999 -9999 -9999 -9999 -9999 -9999 -9999 -9999 -9999 -9999 4690 4637 4560 4560 4683 4882 4837 4685 4738 4687 4513 4490 4605 4360 4329 4410 4312 4333 4411 4253 4222 4459 4464 4634 4285 4224 4414 4396 4513 4272 4037 4204 4298 4087 3934 4460 4088 3926 4252 4392 3814 4139 3821 3487 3436 3862 4323 3991 3990 3877 3593 3721 3589 -9999 -9999 -9999 -9999 -9999 -9999 -9999 -9999 -9999 -9999 -9999 -9999
-9999 -9999 -9999 -9999 -9999 -9999 -9999 -9999 -9999 -9999 -9999 -9999 -9999 -9999 -9999 -9999 -9999 -9999 -9999 4682 4534 4777 4686 -9999 5087 4757 4645 4630 4598 4447 4360 4353 4501 4564 4292 4305 4308 4411 4463 4370 4236 4340 4230 4121 4354 4335 4231 4482 4267 4177 4158 4099 3888 4064 4046 3948 4052 4198 4458 4185 3940 3525 3595 3498 3861 3698 3504 3579 3576 3684 3487 3611 3945 3278 3067 -9999 -9999 -9999 -9999 -9999 -9999 -9999
-9999 -9999 -9999 -9999 -9999 -9999 -9999 -9999 -9999 -9999 -9999 -9999 -9999 -9999 -9999 -9999 -9999 -9999 -9999 -9999 4440 -9999 -9999 -9999 4486 4606 4589 4367 4329 4518 4417 4379 4413 4348 4319 4267 4348 4262 4429 4443 4306 4143 4460 4150 4235 4328 4277 4523 4605 4568 4520 4481 4416 4230 4471 4223 4283 4087 4263 4116 3879 4009 3641 3662 3443 3444 3438 3430 3430 3430 3430 3430 3465 3638 3457 -9999 -9999 -9999 -9999 -9999 -9999 -9999
-9999 -9999 -9999 -9999 -9999 -9999 -9999 -9999 -9999 -9999 -9999 -9999 -9999 -9999 -9999 -9999 -9999 -9999 -9999 -9999 -9999 -9999 -9999 -9999 4495 4580 4470 -9999 -9999 4270 4362 4369 4400 4421 4346 4276 4582 4455 4363 4791 4309 4265 4157 4400 4254 4070 4077 4371 4707 4492 4593 4089 4251 3366 4054 3798 4037 4289 4446 3859 3608 3859 3707 3789 3506 3430 3430 3461 3457 3450 3430 3462 3430 3535 3762 3693 -9999 -9999 -9999 -9999 -9999 -9999
-9999 -9999 -9999 -9999 -9999 -9999 -9999 -9999 -9999 -9999 -9999 -9999 -9999 -9999 -9999 -9999 -9999 -9999 -9999 -9999 -9999 -9999 -9999 -9999 -9999 -9999 -9999 -9999 -9999 -9999 -9999 4419 4445 4420 4325 4276 4359 4543 4122 4264 4249 3984 4190 4253 4113 4440 4217 3927 4030 3366 4403 3923 4341 4327 3912 3808 4353 3953 3944 4263 3584 3582 3582 3898 3675 3450 3430 3430 3430 3467 3430 3434 3457 3459 3593 -9999 -9999 -9999 -9999 -9999 -9999 -9999
-9999 -9999 -9999 -9999 -9999 -9999 -9999 -9999 -9999 -9999 -9999 -9999 -9999 -9999 -9999 -9999 -9999 -9999 -9999 -9999 -9999 -9999 -9999 -9999 -9999 -9999 -9999 -9999 -9999 -9999 -9999 -9999 4431 4479 4572 4267 4283 4359 4440 4144 4066 4332 4297 4043 4070 3366 4307 4364 3927 4066 4383 3963 4380 4359 3910 3823 4153 4064 3897 3625 3582 3582 3582 3582 3617 3438 3443 3366 3438 3437 3502 3366 3483 3479 3469 3707 -9999 -9999 -9999 -9999 -9999 -9999
-9999 -9999 -9999 -9999 -9999 -9999 -9999 -9999 -9999 -9999 -9999 -9999 -9999 -9999 -9999 -9999 -9999 -9999 -9999 -9999 -9999 -9999 -9999 -9999 -9999 -9999 -9999 -9999 -9999 -9999 -9999 -9999 -9999 4575 4512 4276 4627 4803 4483 4404 4297 4328 4521 4154 4195 4391 3979 3979 4146 4369 4276 4069 4136 3897 4386 4192 4409 4042 3818 4276 3912 3923 3921 3604 3557 3434 3432 3441 3456 3483 3458 3505 3591 3366 3585 3527 -9999 -9999 -9999 -9999 -9999 -9999
-9999 -9999 -9999 -9999 -9999 -9999 -9999 -9999 -9999 -9999 -9999 -9999 -9999 -9999 -9999 -9999 -9999 -9999 -9999 -9999 -9999 -9999 -9999 -9999 -9999 -9999 -9999 -9999 -9999 -9999 -9999 -9999 -9999 4879 4489 4388 4578 4820 4608 4369 4550 4354 4335 4421 4337 4248 4372 4143 4351 4199 4454 4468 4699 4571 3960 4471 4271 3965 4052 3983 3782 4159 3982 3366 3491 3439 3440 3442 3440 3595 3499 3454 3455 3465 3639 3685 3984 -9999 -9999 -9999 -9999 -9999
-9999 -9999 -9999 -9999 -9999 -9999 -9999 -9999 -9999 -9999 -9999 -9999 -9999 -9999 -9999 -9999 -9999 -9999 -9999 -9999 -9999 -9999 -9999 -9999 -9999 -9999 -9999 -9999 -9999 -9999 -9999 -9999 -9999 -9999 4777 4445 4575 4700 4569 4578 4350 4272 4498 4285 4430 4252 4339 4353 4362 4397 -9999 -9999 4549 4243 4286 4204 4106 4250 4251 3758 4070 3956 3655 3730 3455 3462 3447 3449 3447 3466 3485 3473 3487 3456 3463 3687 3908 -9999 -9999 -9999 -9999 -9999
-9999 -9999 -9999 -9999 -9999 -9999 -9999 -9999 -9999 -9999 -9999 -9999 -9999 -9999 -9999 -9999 -9999 -9999 -9999 -9999 -9999 -9999 -9999 -9999 -9999 -9999 -9999 -9999 -9999 -9999 -9999 -9999 -9999 -9999 4904 4572 4809 4660 4825 4570 4282 4285 4329 4490 4271 4392 4279 4360 4284 4346 -9999 -9999 -9999 4286 4188 4351 4791 4205 4172 3869 4021 3883 3707 3511 3607 3452 3513 3852 3467 3462 3466 3552 3458 3496 3521 3676 3879 -9999 -9999 -9999 -9999 -9999
-9999 -9999 -9999 -9999 -9999 -9999 -9999 -9999 -9999 -9999 -9999 -9999 -9999 -9999 -9999 -9999 -9999 -9999 -9999 -9999 -9999 -9999 -9999 -9999 -9999 -9999 -9999 -9999 -9999 -9999 -9999 -9999 -9999 -9999 -9999 -9999 -9999 4601 4641 4331 4425 4421 4297 4450 4508 4300 4500 4267 -9999 -9999 -9999 -9999 -9999 -9999 4186 4259 4866 4904 4041 3792 3834 3863 4071 3681 3539 3464 3790 3905 3662 3366 3565 3773 3479 3521 3634 3922 3871 3719 -9999 -9999 -9999 -9999
-9999 -9999 -9999 -9999 -9999 -9999 -9999 -9999 -9999 -9999 -9999 -9999 -9999 -9999 -9999 -9999 -9999 -9999 -9999 -9999 -9999 -9999 -9999 -9999 -9999 -9999 -9999 -9999 -9999 -9999 -9999 -9999 -9999 -9999 -9999 -9999 -9999 -9999 4536 4472 4454 4417 4503 4446 4547 4514 -9999 -9999 -9999 -9999 -9999 -9999 -9999 -9999 -9999 -9999 -9999 -9999 4213 -9999 4014 3811 3895 3827 3548 3482 3875 4000 3697 3549 3459 3469 3498 3494 3606 3817 3779 3990 -9999 -9999 -9999 -9999
-9999 -9999 -9999 -9999 -9999 -9999 -9999 -9999 -9999 -9999 -9999 -9999 -9999 -9999 -9999 -9999 -9999 -9999 -9999 -9999 -9999 -9999 -9999 -9999 -9999 -9999 -9999 -9999 -9999 -9999 -9999 -9999 -9999 -9999 -9999 -9999 -9999 -9999 -9999 -9999 4540 4584 4464 4365 -9999 -9999 -9999 -9999 -9999 -9999 -9999 -9999 -9999 -9999 -9999 -9999 -9999 -9999 -9999 -9999 -9999 4166 4224 3764 3549 3498 3508 3777 3754 3633 3498 3742 3764 3611 3509 3539 3820 4006 -9999 -9999 -9999 -9999
-9999 -9999 -9999 -9999 -9999 -9999 -9999 -9999 -9999 -9999 -9999 -9999 -9999 -9999 -9999 -9999 -9999 -9999 -9999 -9999 -9999 -9999 -9999 -9999 -9999 -9999 -9999 -9999 -9999 -9999 -9999 -9999 -9999 -9999 -9999 -9999 -9999 -9999 -9999 -9999 -9999 -9999 -9999 -9999 -9999 -9999 -9999 -9999 -9999 -9999 -9999 -9999 -9999 -9999 -9999 -9999 -9999 -9999 -9999 -9999 -9999 -9999 3699 4224 3890 3546 3638 3717 3995 3648 3483 3782 3888 3722 3552 3640 3802 3662 -9999 -9999 -9999 -9999
-9999 -9999 -9999 -9999 -9999 -9999 -9999 -9999 -9999 -9999 -9999 -9999 -9999 -9999 -9999 -9999 -9999 -9999 -9999 -9999 -9999 -9999 -9999 -9999 -9999 -9999 -9999 -9999 -9999 -9999 -9999 -9999 -9999 -9999 -9999 -9999 -9999 -9999 -9999 -9999 -9999 -9999 -9999 -9999 -9999 -9999 -9999 -9999 -9999 -9999 -9999 -9999 -9999 -9999 -9999 -9999 -9999 -9999 -9999 -9999 -9999 -9999 -9999 -9999 3479 3871 3731 3763 3656 3688 3575 3931 3646 3962 3742 3915 3599 -9999 -9999 -9999 -9999 -9999
