SiB2_DBHM_derive_trans/DBHModel/MODEL/GEO_INPUT_DATA/wsdemirr.asc
ncols         221
nrows         126
xllcorner     -457500 
yllcorner     -1500500
cellsize      10000
NODATA_value  -9999
[rows 37 to 73 of 126, columns 82 to 163 of 221]
-9999 -9999 -9999 -9999 -9999 -9999 -9999 -9999 -9999 -9999 -9999 -9999 -9999 -9999 -9999 -9999 1591 1781 1547 1925 1496 1176 1144 1245 1288 1295 1271 1318 1346 1281 1346 1432 1503 1425 1478 1460 1409 1383 1375 1356 1326 1323 1314 1316 1322 1316 1330 1352 1249 1248 1260 1340 1305 1158 1203 1262 1240 1119 861 989 1197 1484 1738 1537 1548 1637 1995 2319 1552 1840 1988 2108 -9999 -9999 -9999 -9999 -9999 -9999 -9999 -9999 -9999 -9999
-9999 -9999 -9999 -9999 -9999 -9999 -9999 -9999 -9999 -9999 -9999 -9999 -9999 -9999 -9999 -9999 1835 1547 1378 1750 1646 1105 1099 1176 1201 1227 1265 1247 1258 1255 1330 1469 1387 1439 1454 1412 1526 1403 1383 1356 1354 1322 1318 1314 1314 1315 1321 1309 1287 1251 1209 1243 1220 1158 967 1242 1258 1143 910 1037 1335 1429 1627 1597 1548 2114 2361 1735 1480 1646 1901 1872 -9999 -9999 -9999 -9999 -9999 -9999 -9999 -9999 -9999 -9999
-9999 -9999 -9999 -9999 -9999 -9999 -9999 -9999 -9999 -9999 -9999 -9999 -9999 -9999 -9999 -9999 2085 2022 1751 1552 1095 1095 1090 1115 1143 1165 1178 1185 1189 1295 1365 1341 1318 1430 1415 1389 1412 1393 1361 1361 1338 1336 1336 1316 1316 1312 1311 1315 1306 1256 1199 1193 1253 1207 998 1140 1129 1136 852 1004 1221 1351 1413 1627 1648 1811 2058 1517 1531 1815 2165 -9999 -9999 -9999 -9999 -9999 -9999 -9999 -9999 -9999 -9999 -9999
-9999 -9999 -9999 -9999 -9999 -9999 -9999 -9999 -9999 -9999 -9999 -9999 -9999 -9999 -9999 -9999 2103 1496 1115 1104 1098 1095 1109 1161 1168 1143 1159 1203 1211 1260 1250 1304 1381 1440 1482 1386 1372 1384 1387 1382 1389 1353 1327 1312 1305 1291 1288 1296 1306 1265 1214 1085 1173 1211 1032 998 994 1055 886 1039 1154 1461 1594 1506 1817 1655 1599 1438 1522 1799 1942 -9999 -9999 -9999 -9999 -9999 -9999 -9999 -9999 -9999 -9999 -9999
-9999 -9999 -9999 -9999 -9999 -9999 -9999 -9999 -9999 -9999 -9999 -9999 -9999 -9999 -9999 2676 2034 1314 1108 1109 1108 1097 1093 1225 1261 1238 1282 1274 1268 1251 1303 1351 1410 1446 1416 1374 1522 1341 1388 1347 1343 1356 1403 1278 1270 1269 1257 1241 1296 1345 1197 1143 1057 1056 1188 1184 1044 1057 854 960 1166 1389 1518 1763 1967 1608 1439 1411 1494 1707 1724 1197 -9999 -9999 -9999 -9999 -9999 -9999 -9999 -9999 -9999 -9999
-9999 -9999 -9999 -9999 -9999 -9999 -9999 -9999 -9999 -9999 -9999 -9999 -9999 -9999 -9999 3043 1810 1121 1113 1117 1115 1086 1114 1238 1284 1266 1343 1349 1283 1354 1338 1365 1406 1494 1371 1381 1364 1399 1349 1435 1330 1314 1322 1291 1236 1240 1220 1211 1248 1278 1240 1203 1207 957 1093 1154 982 960 886 1061 1115 1325 1714 1717 1376 1251 1377 1211 1404 1375 1633 -9999 1163 957 979 1540 1489 -9999 -9999 -9999 -9999 -9999
-9999 -9999 -9999 -9999 -9999 -9999 -9999 -9999 -9999 -9999 -9999 -9999 -9999 -9999 2119 2293 1279 1127 1119 1118 1119 1108 1219 1250 1303 1332 1350 1463 1407 1382 1359 1382 1396 1395 1357 1331 1336 1334 1330 1330 1291 1285 1286 1302 1300 1259 1217 1142 1219 1274 1295 1257 1168 1076 991 1068 1041 838 983 1079 1153 1424 1501 1860 1243 1222 1275 1333 1578 1607 1684 1571 1288 1254 972 1395 1553 -9999 1348 1335 -9999 -9999
-9999 -9999 -9999 -9999 -9999 -9999 -9999 -9999 -9999 -9999 -9999 -9999 -9999 -9999 2393 1447 1147 1118 1116 1119 1109 1135 1263 1295 1331 1353 1384 1432 1367 1359 1371 1422 1418 1407 1395 1354 1336 1330 1330 1339 1312 1246 1248 1270 1292 1256 1237 1174 1129 1212 1264 1161 1213 1136 924 943 784 1008 1102 1170 1195 1432 1666 1475 1538 1350 1233 1357 1623 1802 1371 1498 1421 983 896 1017 1251 1257 1207 1373 -9999 -9999
-9999 -9999 -9999 -9999 -9999 -9999 -9999 -9999 -9999 -9999 -9999 -9999 -9999 -9999 2523 1346 1149 1119 1116 1117 1090 1208 1303 1331 1368 1367 1397 1432 1359 1359 1373 1390 1407 1394 1384 1348 1324 1321 1310 1320 1409 1239 1217 1220 1257 1234 1219 1171 1071 1131 1217 1163 1124 1119 1057 784 981 1042 1271 1283 1277 1497 1538 1545 1913 1538 1623 1125 1596 1349 1428 1411 824 864 1010 1615 1188 1152 1127 1178 -9999 -9999
-9999 -9999 -9999 -9999 -9999 -9999 -9999 -9999 -9999 -9999 -9999 -9999 -9999 -9999 2074 1379 1142 1124 1120 1120 1096 1224 1346 1373 1406 1441 1488 1499 1374 1359 1359 1383 1412 1405 1418 1344 1330 1311 1287 1276 1336 1267 1191 1172 1217 1198 1190 1177 1097 1088 1175 1276 1170 1149 1004 797 1031 1134 1359 1214 1188 1361 1646 1424 2021 1446 1468 1647 1507 1099 1194 985 1325 809 1077 1446 1255 1175 1054 1219 1122 1091
-9999 -9999 -9999 -9999 -9999 -9999 -9999 -9999 -9999 -9999 -9999 -9999 -9999 -9999 2163 1304 1134 1134 1111 1105 1178 1260 1339 1365 1394 1449 1510 1504 1376 1359 1359 1377 1412 1391 1436 1354 1338 1311 1289 1260 1230 1223 1198 1146 1185 1157 1115 1123 1150 1127 1081 1141 1192 1099 1056 883 1020 1067 1079 1138 1147 1323 1307 1583 1955 1638 1732 1495 1529 1075 1181 1465 1019 58 873 953 1076 1081 960 1146 1216 1385
-9999 -9999 -9999 -9999 -9999 -9999 -9999 -9999 -9999 -9999 -9999 -9999 1444 1559 1893 1266 1129 1125 1117 1189 1258 1268 1322 1365 1404 1457 1483 1426 1359 1359 1359 1367 1386 1373 1387 1355 1364 1326 1293 1247 1225 1173 1162 1130 1097 1061 1121 1007 981 968 1031 1080 1058 1079 1046 925 880 964 1053 1095 1072 1365 1272 2102 1970 1934 1926 1834 1580 1390 1298 1667 1206 777 773 794 824 948 1200 1158 1245 1221
-9999 -9999 -9999 -9999 -9999 -9999 -9999 -9999 -9999 -9999 -9999 1481 1556 1505 1454 1247 1128 1119 1096 1226 1317 1307 1363 1350 1400 1463 1517 1507 1359 1359 1359 1363 1377 1375 1363 1351 1344 1326 1317 1231 1210 1173 1144 1215 1216 1184 1212 1140 1159 1117 1089 981 1022 1113 1083 1037 921 940 922 1039 1018 1156 1283 1715 1761 1786 1382 1328 1554 1615 1644 1152 853 776 772 781 915 1048 1245 1489 1347 1378
-9999 -9999 -9999 -9999 -9999 -9999 -9999 -9999 -9999 -9999 -9999 1544 1511 1379 1306 1194 1118 1113 1136 1123 1229 1285 1340 1372 1427 1466 1499 1493 1359 1359 1359 1371 1373 1364 1352 1345 1321 1309 1274 1238 1222 1213 1273 1167 1236 1207 1217 1165 1194 1123 1083 1109 963 1028 1147 1062 1012 928 939 922 1027 1171 1292 1702 1849 1637 1378 1308 1511 1265 938 764 58 769 775 812 910 1175 1354 1500 1479 1669
-9999 -9999 -9999 -9999 -9999 -9999 -9999 -9999 -9999 -9999 -9999 -9999 1516 1406 1333 1193 1125 1117 1130 1154 1269 1374 1355 1374 1432 1445 1474 1550 1359 1359 1359 1367 1381 1373 1368 1345 1332 1304 1271 1232 1242 1261 1216 1240 1172 1212 1251 1277 1222 1164 1055 1085 1052 940 1042 1144 1044 868 807 937 1205 1093 1412 1351 1380 1865 1679 1691 1185 847 765 765 772 779 785 833 1106 1134 1526 1479 1572 1603
-9999 -9999 -9999 -9999 -9999 -9999 -9999 -9999 -9999 -9999 -9999 -9999 1516 1413 1290 1210 1137 1131 1134 1141 1322 1472 1476 1413 1475 1459 1516 1570 1373 1384 1386 1363 1363 1366 1361 1347 1335 1319 1300 1286 1284 1378 1305 1336 1280 1310 1257 1139 1107 1090 1071 985 1023 948 1005 1100 1106 979 821 899 1320 1062 1113 1415 1827 1835 1754 1600 1345 832 755 762 771 791 842 1309 1157 1459 1375 -9999 -9999 -9999
-9999 -9999 -9999 -9999 -9999 -9999 -9999 -9999 1489 1463 1434 -9999 1512 1495 1363 1221 1278 1177 1142 1158 1284 1439 1446 1369 1424 1486 1555 1476 1379 1363 1363 1363 1363 1368 1365 1351 1331 1335 1320 1333 1333 1328 1317 1318 1262 1377 1267 1165 1131 1038 1045 995 1041 933 1017 1021 1025 874 776 1004 857 1087 1187 1519 1640 1536 1405 1055 810 761 746 747 772 861 1262 1557 1293 1330 -9999 -9999 -9999 -9999
-9999 -9999 -9999 -9999 -9999 -9999 -9999 -9999 1435 1413 1440 1484 1562 1549 1269 1196 1553 1310 1239 1219 1245 1337 1350 1350 1396 1447 1554 1600 1429 1363 1378 1392 1399 1421 1415 1399 1349 1370 1348 1340 1390 1431 1476 1258 1422 1357 1299 1194 1173 1198 1125 1078 1036 979 1010 933 1032 721 763 945 974 1110 1180 1395 1550 1317 1157 792 58 58 742 755 884 1249 1284 1429 -9999 -9999 -9999 -9999 -9999 -9999
-9999 -9999 -9999 -9999 -9999 -9999 -9999 -9999 1345 1400 1408 1401 1429 1618 1285 1189 1227 1424 1326 1256 1334 1332 1363 1350 1465 1546 1539 1530 1375 1367 1403 1412 1409 1434 1452 1399 1391 1522 1470 1593 1646 1449 1562 1346 1318 1325 1195 1308 1252 1152 1082 1042 996 1082 1069 903 1086 958 794 878 1030 1253 1490 1733 1540 1194 1020 782 746 733 732 794 937 1420 1321 1389 -9999 -9999 -9999 -9999 -9999 -9999
-9999 -9999 -9999 -9999 -9999 -9999 -9999 -9999 1308 1316 1268 1331 1399 1329 1194 1156 1328 1387 1372 1247 1395 1410 1435 1383 1474 1497 1556 1557 1384 1416 1459 1517 1524 1743 1633 1515 1679 1573 1560 1541 1605 1526 1523 1401 1339 1285 1366 1313 1240 1215 1132 1147 1137 1166 1052 869 903 799 854 951 1135 1415 1827 1470 1382 1211 1028 847 742 746 854 1082 1416 1696 1551 1130 -9999 -9999 -9999 -9999 -9999 -9999
-9999 -9999 -9999 -9999 -9999 -9999 -9999 1377 1259 1214 1210 1196 1237 1173 1173 1217 1314 1401 1299 1292 1362 1395 1355 1421 1495 1566 1559 1699 1462 1522 1801 1713 1806 1705 1634 1732 1504 1612 1500 1595 1499 1550 1445 1354 1298 1397 1380 1320 1252 1254 1172 1109 1016 1024 990 887 814 873 1031 923 1099 1339 1735 1724 1348 1063 1106 1000 839 848 1430 1504 1564 1620 1610 1223 -9999 -9999 -9999 -9999 -9999 -9999
-9999 -9999 -9999 -9999 -9999 1620 1547 1438 1233 1336 1335 1265 1268 1233 1346 1331 1330 1367 1459 1620 1419 1383 1386 1428 1492 1562 1918 1610 1554 1581 1741 1774 1578 1702 1654 1616 1598 1522 1514 1563 1662 1647 1354 1313 1415 1402 1384 1253 1249 1150 1134 1116 1141 933 1128 880 713 977 1164 1054 1133 1383 1595 1405 1338 1087 993 1105 955 972 2019 1705 1584 1448 1593 1127 -9999 -9999 -9999 -9999 -9999 -9999
1580 1693 1751 1657 1607 1690 1422 1652 1654 1701 1524 1791 1403 1301 1319 1567 1427 1449 1540 2482 1523 1400 1523 1504 1685 1882 1713 1774 1440 1609 1697 1633 1530 1524 1526 1621 1612 1605 1534 1687 1679 1591 1476 1338 1342 1446 1443 1359 1356 1186 1033 1039 1033 1007 987 975 707 1105 1253 1205 1216 1347 1527 1404 1257 1133 943 840 867 1361 2216 1927 1269 1415 1360 1033 -9999 -9999 -9999 -9999 -9999 -9999
1565 1755 1625 1614 1477 1570 1583 1605 1908 1752 1886 1941 1956 1432 1269 1436 1568 1737 1590 1768 1511 1464 1578 1549 1656 1596 1616 1506 1523 1766 1633 1665 1587 1557 1564 1499 1573 1562 1476 1530 1515 1545 1404 1378 1376 1247 1263 1317 1259 1270 1135 1099 1015 1039 909 809 771 1017 1172 1272 1278 1336 1518 1547 1271 1122 1048 58 805 1216 2104 1768 1306 1163 1189 1218 -9999 -9999 -9999 -9999 -9999 -9999
1566 1533 1477 1477 1585 1995 1689 1689 1967 2072 2007 1799 1738 1565 1432 1286 1510 1732 1774 1733 1707 1566 1805 1636 1708 1542 1498 1692 1438 1670 1570 1612 1467 1469 1549 1516 1430 1425 1495 1544 1367 1586 1376 1329 1223 1327 1203 1350 1250 1094 1157 1083 1077 1137 940 834 639 958 1038 1380 1165 1234 1366 1646 1305 1131 1048 843 723 946 1694 1588 1184 1194 1288 1072 -9999 -9999 -9999 -9999 -9999 -9999
1554 1573 1477 1783 1837 1756 1689 1689 1717 1801 2082 1797 1649 1564 1479 1343 1413 1525 1778 1719 1705 1646 1847 1864 1605 1558 1522 1481 1547 1668 1760 1744 1665 1525 1517 1450 1496 1474 1488 1583 1557 1305 1454 1308 1283 1174 1237 1216 1115 1113 1059 1056 1156 998 932 1034 639 991 973 1049 1184 1014 1127 1575 1368 1189 954 762 573 932 1488 1274 1202 1208 1253 1107 -9999 -9999 -9999 -9999 -9999 -9999
1778 2046 1746 2258 2451 1971 1694 1689 1689 1689 1748 1679 1595 1543 1575 1449 1341 1499 1723 1739 1636 1738 1986 1783 1705 1674 1605 1653 1390 1692 1623 1657 1608 1614 1547 1541 1447 1410 1375 1459 1543 1369 1414 1449 1397 1296 1247 1134 1134 987 1058 969 1014 1024 1028 1078 875 739 999 1213 934 1042 1260 1467 1536 1224 931 686 638 1373 1306 1100 1088 985 1161 1177 -9999 -9999 -9999 -9999 -9999 -9999
1818 1636 1509 1936 2274 1898 1752 1759 1856 1772 1752 1880 1647 1634 1651 1641 1430 1434 1660 1729 1577 1681 1705 1685 1658 1698 1481 1418 1466 1547 1485 1591 1478 1536 1638 1587 1433 1470 1385 1310 1405 1307 1407 1464 1307 1299 1201 1118 1059 1162 1182 1091 900 941 831 931 1015 639 966 932 871 1041 992 1214 1391 1245 912 667 538 1009 1003 1198 1160 956 1071 1174 1177 -9999 -9999 -9999 -9999 -9999
1881 1787 1526 1521 1531 1639 1820 2083 2034 2037 1935 1876 1764 1637 1593 1477 1512 1445 1552 1588 1563 1811 1864 1762 1796 1666 1521 1480 1462 1397 1565 1530 1460 1493 1552 1552 1510 1528 1511 1324 1317 1264 1478 1520 1308 1368 1322 1205 1159 1219 1318 1239 1144 1057 1039 944 869 646 1099 937 882 1068 1159 1227 1406 1307 881 522 468 678 668 898 1128 981 1118 1298 1380 1144 -9999 -9999 -9999 -9999
1861 1663 1824 1731 1556 1531 1531 1620 2005 2341 2114 2006 1901 1710 1687 1712 1559 1603 1469 1705 1667 1867 1803 1932 1743 1707 1485 1451 1359 1390 1351 1498 1421 1395 1418 1559 1622 1644 1525 1521 1477 1358 1261 1317 1156 1299 1178 1314 1289 1344 1195 1080 1017 1050 1182 1011 962 627 1035 1390 963 1268 1654 1330 1326 981 683 58 503 668 910 890 1080 938 1112 1215 1232 1017 -9999 -9999 -9999 -9999
1935 2025 1885 1603 1534 1531 1541 1627 1777 1877 2044 2302 1768 1819 1826 1684 1742 1686 1454 1474 1591 1921 1883 1849 1697 1697 1544 1540 1380 1407 1346 1431 1479 1316 1393 1413 1537 1598 1403 1481 1561 1514 1434 1282 1364 1277 1157 1198 1276 1318 1185 1260 1093 1039 960 911 719 58 956 1190 1199 1204 1522 1566 1270 1107 516 476 521 707 814 1016 1254 1054 888 1135 1110 1223 1250 1051 1043 1121
1879 1751 1710 1813 1531 1531 1565 1706 1762 2558 2397 2118 1895 2131 1977 1797 1769 1752 1522 1627 1572 1891 1917 1789 1712 1727 1679 1484 1532 1545 1191 1482 1431 1357 1383 1364 1449 1479 1424 1452 1481 1429 1387 1487 1480 1353 1298 1099 1158 1350 1375 1316 1210 1198 1060 1057 1193 58 1100 996 1118 1432 1562 1193 976 773 58 470 637 781 797 1178 1380 1181 864 1070 1088 1155 1117 875 889 1085
1787 1646 1637 1650 1531 1705 1632 1687 1799 2010 2249 2007 1964 2236 2625 1906 1807 1614 1506 1664 1893 1887 1812 1777 1736 1582 1580 1496 1565 1365 1296 1435 1312 1313 1306 1326 1395 1621 1498 1296 1426 1457 1416 1356 1333 1315 1168 1068 1175 1222 1310 1335 1189 1125 1127 998 809 828 755 969 1186 1245 1370 1255 1065 524 442 503 792 776 1005 1206 1115 1113 845 1019 981 828 1213 868 840 943
1853 1601 1592 1772 1609 1859 1531 1601 1728 1874 2010 2099 2099 2179 2309 2160 1966 1974 1537 1647 1834 1926 1786 1746 1714 1692 1520 1526 1439 1469 1429 1388 1162 1264 1220 1352 1349 1484 1459 1502 1276 1271 1203 1264 1239 1295 1168 1059 974 1172 1384 1325 1301 1294 1095 1190 1386 959 657 840 922 1109 1460 1271 936 531 503 720 1035 822 828 1055 1303 1124 1010 716 817 953 1294 864 819 885
2260 1592 1884 2165 2038 2065 1939 1531 1710 1877 2069 1899 2047 2250 2111 2051 1813 1904 1717 1536 1682 1807 1852 1741 1677 1605 1489 1499 1527 1477 1423 1383 1293 1257 1240 1389 1374 1423 1410 1513 1384 1334 1205 1201 1207 1124 1164 1158 1122 1121 1132 1427 1327 1210 1258 1414 1183 1250 543 844 1124 1099 1398 1150 635 510 493 486 570 568 703 942 1268 952 951 929 764 806 880 881 779 990
1674 1935 2187 2323 2092 2022 2044 1538 1799 1884 1808 1990 2020 2037 2337 2155 1979 1939 1873 1624 1824 1814 1726 1782 1699 1584 1517 1415 1462 1351 1346 1405 1251 1263 1120 1201 1214 1406 1438 1562 1470 1450 1477 1204 1110 1079 1054 1120 1098 1108 1267 1428 1501 1444 1399 1643 1279 1069 827 713 938 1223 1423 688 461 446 399 440 503 538 984 1443 1193 1026 832 931 693 862 787 755 758 683
1721 2128 2322 2246 2218 1865 1931 1856 1599 1884 1812 1980 1909 2089 2081 2202 2070 2070 1786 1770 1689 1674 1764 1715 1718 1640 1567 1426 1384 1384 1269 1325 1474 1234 1257 1089 1186 1399 1308 1370 1596 1407 1272 1272 1421 1162 1031 948 993 1126 1141 1285 1616 1683 1448 1500 1376 870 772 697 468 480 487 446 450 58 58 698 607 756 1237 1401 1097 964 812 670 633 662 836 733 688 614
